520
502
587
604
504
550
574
675
626
543
594
522
690
615
572
243
553
566
556
660
559
577
249
602
680
619
654
533
541
657
263
108
264
662
678
670
664
255
649
233
231
134
33
25
69
1231
12
49
103
1080
1157
154
1250
161
1022
312
1049
282
1101
307
1029
685
1057
1037
1146
280
1138
1255
1015
75
1104
102
311
1261
299
1228
1039
220
101
588
1047
653
116
300
138
686
599
630
1127
200
176
128
77
295
14
226
195
1074
247
122
196
589
647
1270
1023
261
20
1132
56
1077
558
1090
1070
251
639
1087
241
160
1170
1147
314
144
1099
674
1053
1026
168
667
279
39
258
1065
106
1167
166
1040
632
1225
45
1149
171
178
1262
537
31
1239
73
185
120
1092
1097
1014
549
1055
1143
130
1236
1136
30
571
1166
1060
321
126
10
1173
294
281
202
1122
607
1244
58
1068
513
677
611
55
1103
16
1205
318
1252
284
1251
21
1011
316
206
1083
1260
1159
1179
622
1008
1020
544
1185
1066
1084
1073
188
1209
1177
1176
1196
1110
1210
204
636
536
22
1230
1158
645
644
1155
1113
123
190
583
293
1219
1188
1189
1213
1154
511
37
143
1169
1229
38
530
1064
53
624
234
1095
1245
623
236
1264
1075
1043
1238
256
225
554
1109
590
1204
26
1135
221
127
1121
292
542
61
561
179
1046
197
151
1174
1085
262
162
259
1028
324
301
1131
13
1180
1168
628
529
535
1010
510
1164
1201
313
1263
612
1056
305
54
64
1082
302
505
1112
1034
1052
1234
665
1232
1016
638
150
47
9
216
189
191
246
119
52
317
582
1256
15
203
523
570
1002
1267
1211
1044
1207
641
310
219
635
627
567
1183
512
540
29
32
184
40
215
155
164
1063
1243
642
526
187
70
605
1051
1214
1150
1235
1091
595
1247
1108
59
1088
1220
1116
201
177
551
105
633
1019
72
208
1126
578
575
552
673
1194
175
165
682
115
525
1223
1072
1141
1140
603
606
1242
1105
323
180
1032
1266
545
1184
1148
1035
19
71
676
689
1100
646
1061
1089
1265
1050
1001
1226
1048
1248
1033
1191
1271
1058
1237
1024
1123
1076
1153
1165
546
1175
538
1120
167
1036
648
1163
303
1217
1216
1079
304
1007
1119
1200
232
656
1190
1145
192
1071
1195
1254
237
1117
238
1208
41
198
291
11
257
107
519
509
593
539
547
557
613
629
618
655
663
598
661
586
684
573
669
248
250
306
44
60
285
76
159
137
104
315
659
501
57
18
125
591
46
199
1125
679
240
683
651
652
1067
666
614
48
163
252
242
688
212
621
565
555
548
560
129
576
276
275
274
273
271
266
270
269
268
267
265
272
601
532
681
74
