158
531
515
194
564
658
580
23
322
110
1124
1012
296
66
152
114
287
112
50
1142
145
42
608
503
1272
8
135
616
1129
2
181
1045
1017
1003
534
597
1133
569
173
253
1025
1258
596
592
326
148
1059
169
156
581
209
62
244
1269
1203
229
147
1240
218
117
1038
527
1096
1171
121
286
1030
1054
1206
1093
1115
579
34
514
1107
325
1259
1086
1212
1118
140
222
1069
1128
297
7
1273
506
65
124
131
637
517
1137
17
1013
1081
1218
568
136
217
213
1178
1027
1215
1009
1199
1004
1257
27
51
671
1193
182
1241
1114
507
132
1162
214
1102
153
1233
1042
224
1111
631
563
35
1152
1094
585
1144
235
1
298
610
149
320
308
1221
518
1106
1156
1130
3
139
528
254
109
205
118
277
1246
625
1006
6
207
260
1134
1253
643
687
1021
1031
1222
1227
1062
63
245
1192
288
640
600
113
228
1197
1041
634
111
617
157
524
668
309
223
1139
36
1005
1018
193
289
1224
1161
239
1186
1098
584
562
146
1182
1181
672
1187
170
68
227
183
650
1172
1160
1198
210
174
1151
230
1249
1202
620
1078
211
1268
319
508
133
278
28
67
290
609
521
43
283
24
