1,2,0,2,42,49,70,20,16,47,8,8,8,150,53,47,255,255,255,2,4,2,0,2,41,55,32,24,27,53,27,42,43,0,0,0,0,0,0,5,0
1,2,0,2,42,49,70,20,16,47,8,8,8,150,53,47,255,255,255,2,4,2,0,2,38,52,30,24,32,51,42,43,47,0,0,0,0,0,0,5,0
1,2,0,2,42,49,70,20,16,47,8,8,8,150,53,47,255,255,255,2,4,2,0,2,39,55,32,23,28,53,49,55,57,240,240,242,-1,-1,-1,2,0
1,2,0,2,42,49,70,20,16,47,8,8,8,150,53,47,255,255,255,2,4,2,0,2,41,55,32,24,25,52,55,62,70,-1,-1,-1,-1,-1,-1,5,0
1,2,0,2,42,49,70,20,16,47,8,8,8,150,53,47,255,255,255,2,4,2,0,2,41,53,32,23,33,55,76,106,144,114,136,160,-1,-1,-1,5,0
1,2,0,2,42,49,70,20,16,47,8,8,8,150,53,47,255,255,255,2,4,2,0,2,39,51,30,15,25,102,95,118,149,-1,-1,-1,-1,-1,-1,5,0
1,2,0,2,42,49,70,20,16,47,8,8,8,150,53,47,255,255,255,2,4,2,0,2,39,53,30,23,25,48,102,120,168,-1,-1,-1,-1,-1,-1,5,0
1,2,0,2,42,49,70,20,16,47,8,8,8,150,53,47,255,255,255,2,4,2,0,2,38,53,30,24,30,51,110,90,55,-1,-1,-1,-1,-1,-1,5,0
1,2,0,2,42,49,70,20,16,47,8,8,8,150,53,47,255,255,255,2,4,2,0,2,40,52,30,24,27,53,118,138,162,-1,-1,-1,-1,-1,-1,5,0
1,2,0,2,42,49,70,20,16,47,8,8,8,150,53,47,255,255,255,2,4,2,0,2,41,55,32,25,30,53,150,125,86,-1,-1,-1,-1,-1,-1,5,0
1,2,0,2,42,49,70,20,16,47,8,8,8,150,53,47,255,255,255,2,4,2,0,2,38,53,32,25,30,50,181,180,185,-1,-1,-1,-1,-1,-1,5,0
1,2,0,2,42,49,70,20,16,47,8,8,8,150,53,47,255,255,255,2,4,2,2,2,41,51,30,23,28,52,192,124,218,0,0,0,0,0,0,5,0
1,2,0,2,42,49,70,20,16,47,8,8,8,150,53,47,255,255,255,2,4,2,2,2,41,55,32,25,27,55,223,221,205,0,0,0,0,0,0,5,0
1,2,0,2,43,50,70,20,16,78,105,104,112,255,255,255,-1,-1,-1,2,4,2,0,2,37,52,30,23,32,51,0,0,0,255,255,255,0,0,0,6,0
1,2,0,2,43,50,70,20,16,78,105,104,112,255,255,255,-1,-1,-1,2,4,1,2,2,38,53,32,24,30,51,2,2,2,169,170,174,-1,-1,-1,3,0
1,2,0,2,43,50,70,20,16,78,105,104,112,255,255,255,-1,-1,-1,2,4,2,0,2,36,52,30,23,32,51,11,12,14,255,255,255,-1,-1,-1,2,0
1,2,0,2,43,50,70,20,16,78,105,104,112,255,255,255,-1,-1,-1,2,4,2,0,2,37,52,32,28,32,52,8,8,8,255,255,255,-1,-1,-1,5,0
1,2,0,2,43,50,70,20,16,78,105,104,112,255,255,255,-1,-1,-1,2,4,2,2,2,39,53,32,24,30,51,20,30,32,0,0,0,0,0,0,5,0
1,2,0,2,43,50,70,20,16,78,105,104,112,255,255,255,-1,-1,-1,2,4,2,0,2,36,52,32,25,28,51,23,29,48,-1,-1,-1,-1,-1,-1,5,0
1,2,0,2,43,50,70,20,16,78,105,104,112,255,255,255,-1,-1,-1,2,4,2,0,2,41,52,32,27,30,53,26,36,55,-1,-1,-1,-1,-1,-1,5,0
1,2,0,2,43,50,70,20,16,78,105,104,112,255,255,255,-1,-1,-1,2,4,2,0,2,41,55,32,24,27,53,27,42,43,0,0,0,0,0,0,5,0
1,2,0,2,43,50,70,20,16,78,105,104,112,255,255,255,-1,-1,-1,2,4,2,0,2,41,53,32,24,29,53,34,44,54,90,89,59,-1,-1,-1,5,0
1,2,0,2,43,50,70,20,16,78,105,104,112,255,255,255,-1,-1,-1,2,4,2,0,2,40,56,30,23,27,51,36,36,36,-1,-1,-1,-1,-1,-1,5,0
1,2,0,2,43,50,70,20,16,78,105,104,112,255,255,255,-1,-1,-1,2,4,2,0,2,38,52,30,24,32,51,42,43,47,0,0,0,0,0,0,5,0
1,2,0,2,43,50,70,20,16,78,105,104,112,255,255,255,-1,-1,-1,2,4,2,0,2,39,55,32,23,28,53,49,55,57,240,240,242,-1,-1,-1,2,0
1,2,0,2,43,50,70,20,16,78,105,104,112,255,255,255,-1,-1,-1,2,4,2,0,2,41,55,32,24,25,52,55,62,70,-1,-1,-1,-1,-1,-1,5,0
1,2,0,2,43,50,70,20,16,78,105,104,112,255,255,255,-1,-1,-1,2,4,2,0,2,41,53,32,23,33,55,76,106,144,114,136,160,-1,-1,-1,5,0
1,2,0,2,43,50,70,20,16,78,105,104,112,255,255,255,-1,-1,-1,2,4,2,0,2,39,51,30,15,25,102,95,118,149,-1,-1,-1,-1,-1,-1,5,0
1,2,0,2,43,50,70,20,16,78,105,104,112,255,255,255,-1,-1,-1,2,4,2,0,2,39,53,30,23,25,48,102,120,168,-1,-1,-1,-1,-1,-1,5,0
1,2,0,2,43,50,70,20,16,78,105,104,112,255,255,255,-1,-1,-1,2,4,2,0,2,38,53,30,24,30,51,110,90,55,-1,-1,-1,-1,-1,-1,5,0
1,2,0,2,43,50,70,20,16,78,105,104,112,255,255,255,-1,-1,-1,2,4,2,0,2,40,52,30,24,27,53,118,138,162,-1,-1,-1,-1,-1,-1,5,0
1,2,0,2,43,50,70,20,16,78,105,104,112,255,255,255,-1,-1,-1,2,4,2,0,2,41,55,32,25,30,53,150,125,86,-1,-1,-1,-1,-1,-1,5,0
1,2,0,2,43,50,70,20,16,78,105,104,112,255,255,255,-1,-1,-1,2,4,2,0,2,38,53,32,25,30,50,181,180,185,-1,-1,-1,-1,-1,-1,5,0
1,2,0,2,43,50,70,20,16,78,105,104,112,255,255,255,-1,-1,-1,2,4,2,2,2,41,51,30,23,28,52,192,124,218,0,0,0,0,0,0,5,0
1,2,0,2,43,50,70,20,16,78,105,104,112,255,255,255,-1,-1,-1,2,4,2,2,2,41,55,32,25,27,55,223,221,205,0,0,0,0,0,0,5,0
1,2,0,2,43,50,70,20,16,78,105,104,112,255,255,255,-1,-1,-1,2,4,2,0,2,41,53,53,24,27,51,77,84,66,-1,-1,-1,-1,-1,-1,5,0
1,2,0,2,43,50,70,20,16,78,105,104,112,255,255,255,-1,-1,-1,2,4,2,2,2,36,53,30,24,28,50,81,122,104,0,0,0,0,0,0,5,0
1,2,0,2,43,50,70,20,16,78,105,104,112,255,255,255,-1,-1,-1,2,4,2,0,2,41,55,32,25,27,55,89,85,73,0,0,0,0,0,0,5,0
1,2,0,2,43,50,70,20,16,78,105,104,112,255,255,255,-1,-1,-1,2,4,2,0,2,38,53,29,23,27,48,98,122,156,-1,-1,-1,-1,-1,-1,5,0
1,2,0,2,43,50,70,20,16,78,105,104,112,255,255,255,-1,-1,-1,2,4,2,0,2,39,53,30,23,25,48,102,120,168,-1,-1,-1,-1,-1,-1,5,0
1,2,0,2,43,50,70,20,16,78,105,104,112,255,255,255,-1,-1,-1,2,4,2,0,2,39,52,30,18,29,89,122,123,127,0,0,0,0,0,0,5,0
1,2,0,2,43,50,70,20,16,78,105,104,112,255,255,255,-1,-1,-1,2,4,2,0,2,41,53,32,23,28,55,122,133,154,-1,-1,-1,-1,-1,-1,5,0
1,2,0,2,43,50,70,20,16,78,105,104,112,255,255,255,-1,-1,-1,2,4,2,0,2,39,52,30,18,29,89,125,126,130,-1,-1,-1,-1,-1,-1,5,0
1,2,0,2,43,50,70,20,16,78,105,104,112,255,255,255,-1,-1,-1,2,4,2,0,2,38,52,30,11,27,97,126,127,129,-1,-1,-1,-1,-1,-1,5,0
1,2,0,2,43,50,70,20,16,78,105,104,112,255,255,255,-1,-1,-1,2,4,2,0,2,36,52,29,10,28,96,127,127,129,80,79,84,-1,-1,-1,5,0
1,2,0,2,43,50,70,20,16,78,105,104,112,255,255,255,-1,-1,-1,2,4,2,0,2,39,53,34,23,27,52,128,123,127,162,161,159,0,0,0,6,0
1,2,0,2,43,50,70,20,16,78,105,104,112,255,255,255,-1,-1,-1,2,4,2,0,2,39,53,34,23,27,52,130,120,128,165,161,162,-1,-1,-1,6,0
1,2,0,2,43,50,70,20,16,78,105,104,112,255,255,255,-1,-1,-1,2,4,2,0,2,37,52,32,28,32,52,130,130,130,255,255,255,-1,-1,-1,5,0
1,2,0,2,43,50,70,20,16,78,105,104,112,255,255,255,-1,-1,-1,2,4,2,0,2,39,50,27,16,25,99,130,143,159,230,232,231,34,53,79,5,0
1,2,0,2,43,50,70,20,16,78,105,104,112,255,255,255,-1,-1,-1,2,4,2,2,2,39,53,34,23,27,52,145,138,145,180,177,172,0,0,0,6,0
1,2,0,2,43,50,70,20,16,78,105,104,112,255,255,255,-1,-1,-1,2,4,2,2,2,36,52,29,10,28,96,147,147,149,0,0,0,0,0,0,5,0
1,2,0,2,43,50,70,20,16,78,105,104,112,255,255,255,-1,-1,-1,2,4,2,0,2,41,52,32,27,30,53,157,99,35,76,79,50,193,170,138,5,0
1,2,0,2,43,50,70,20,16,78,105,104,112,255,255,255,-1,-1,-1,2,4,2,0,2,41,55,32,25,30,53,163,134,92,-1,-1,-1,-1,-1,-1,5,0
1,2,0,2,43,50,70,20,16,78,105,104,112,255,255,255,-1,-1,-1,2,4,2,2,2,41,52,32,27,30,53,171,116,51,0,0,0,0,0,0,5,0
1,2,0,2,42,49,70,20,16,47,213,40,95,234,205,26,-1,-1,-1,2,4,2,0,2,38,52,30,11,27,97,50,54,37,-1,-1,-1,-1,-1,-1,5,0
1,2,0,2,42,49,70,20,16,47,213,40,95,234,205,26,-1,-1,-1,2,4,2,0,2,39,50,32,15,28,99,50,55,35,-1,-1,-1,-1,-1,-1,5,0
1,2,0,2,42,49,70,20,16,47,213,40,95,234,205,26,-1,-1,-1,2,4,2,0,2,41,55,32,25,27,55,52,56,67,0,0,0,0,0,0,5,0
1,2,0,2,42,49,70,20,16,47,213,40,95,234,205,26,-1,-1,-1,2,4,2,0,2,37,53,32,28,32,52,54,58,23,226,216,204,35,35,35,6,0
1,2,0,2,42,49,70,20,16,47,213,40,95,234,205,26,-1,-1,-1,2,4,2,0,2,38,52,30,11,27,97,57,61,41,-1,-1,-1,-1,-1,-1,5,0
1,2,0,2,42,49,70,20,16,47,213,40,95,234,205,26,-1,-1,-1,2,4,2,0,2,41,53,30,23,27,53,57,76,108,126,147,164,-1,-1,-1,2,0
1,2,0,2,42,49,70,20,16,47,213,40,95,234,205,26,-1,-1,-1,2,4,2,0,2,41,55,32,25,27,55,59,62,74,-1,-1,-1,-1,-1,-1,5,0
1,2,0,2,42,49,70,20,16,47,213,40,95,234,205,26,-1,-1,-1,2,4,2,0,2,39,53,30,23,25,48,62,88,139,0,0,0,0,0,0,5,0
1,2,0,2,42,49,70,20,16,47,213,40,95,234,205,26,-1,-1,-1,2,4,2,0,2,38,53,32,25,30,51,75,75,85,236,236,238,-1,-1,-1,1,0
1,2,0,2,42,49,70,20,16,47,213,40,95,234,205,26,-1,-1,-1,2,4,2,0,2,41,53,53,24,27,51,77,84,66,-1,-1,-1,-1,-1,-1,5,0
1,2,0,2,42,49,70,20,16,47,213,40,95,234,205,26,-1,-1,-1,2,4,2,0,2,42,52,32,23,25,51,79,88,108,43,42,47,-1,-1,-1,2,0
1,2,0,2,42,49,70,20,16,47,213,40,95,234,205,26,-1,-1,-1,2,4,2,2,2,36,53,30,24,28,50,81,122,104,0,0,0,0,0,0,5,0
1,2,0,2,42,49,70,20,16,47,213,40,95,234,205,26,-1,-1,-1,2,4,2,0,2,42,55,30,23,27,48,82,106,145,144,162,183,-1,-1,-1,5,0
1,2,0,2,42,49,70,20,16,47,213,40,95,234,205,26,-1,-1,-1,2,4,2,0,2,42,52,32,23,28,53,84,93,62,-1,-1,-1,-1,-1,-1,5,0
1,2,0,2,42,49,70,20,16,47,213,40,95,234,205,26,-1,-1,-1,2,4,2,0,2,41,50,29,24,27,51,85,82,75,27,27,26,-1,-1,-1,6,0
1,2,0,2,42,49,70,20,16,47,213,40,95,234,205,26,-1,-1,-1,2,4,2,0,2,37,52,32,28,32,52,98,98,98,245,245,245,-1,-1,-1,5,0
1,2,0,2,42,49,70,20,16,47,213,40,95,234,205,26,-1,-1,-1,2,4,2,0,2,41,51,29,15,27,102,101,150,85,-1,-1,-1,-1,-1,-1,5,0
1,2,0,2,42,49,70,20,16,47,213,40,95,234,205,26,-1,-1,-1,2,4,2,0,2,39,53,30,23,25,48,102,120,168,-1,-1,-1,-1,-1,-1,5,0
1,2,0,2,42,49,70,20,16,47,213,40,95,234,205,26,-1,-1,-1,2,4,2,0,2,36,52,29,10,28,96,105,105,107,-1,-1,-1,-1,-1,-1,5,0
1,2,0,2,42,49,70,20,16,47,213,40,95,234,205,26,-1,-1,-1,2,4,2,0,2,40,52,30,24,27,53,118,138,162,-1,-1,-1,-1,-1,-1,5,0
1,2,0,2,42,49,70,20,16,47,213,40,95,234,205,26,-1,-1,-1,2,4,2,0,2,39,52,30,18,29,89,122,123,127,0,0,0,0,0,0,5,0
1,2,0,1,42,49,70,20,16,47,44,50,36,94,100,56,55,57,44,6,4,2,0,2,38,52,30,11,27,97,50,54,37,-1,-1,-1,-1,-1,-1,5,0
1,2,0,1,42,49,70,20,16,47,44,50,36,94,100,56,55,57,44,6,4,2,0,2,39,50,32,15,28,99,50,55,35,-1,-1,-1,-1,-1,-1,5,0
1,2,0,1,42,49,70,20,16,47,44,50,36,94,100,56,55,57,44,6,4,2,0,2,41,55,32,25,27,55,52,56,67,0,0,0,0,0,0,5,0
1,2,0,1,42,49,70,20,16,47,44,50,36,94,100,56,55,57,44,6,4,2,0,2,37,53,32,28,32,52,54,58,23,226,216,204,35,35,35,6,0
1,2,0,1,42,49,70,20,16,47,44,50,36,94,100,56,55,57,44,6,4,2,0,2,38,52,30,11,27,97,57,61,41,-1,-1,-1,-1,-1,-1,5,0
1,2,0,1,42,49,70,20,16,47,44,50,36,94,100,56,55,57,44,6,4,2,0,2,41,53,30,23,27,53,57,76,108,126,147,164,-1,-1,-1,2,0
1,2,0,1,42,49,70,20,16,47,44,50,36,94,100,56,55,57,44,6,4,2,0,2,41,55,32,25,27,55,59,62,74,-1,-1,-1,-1,-1,-1,5,0
1,2,0,1,42,49,70,20,16,47,44,50,36,94,100,56,55,57,44,6,4,2,0,2,39,53,30,23,25,48,62,88,139,0,0,0,0,0,0,5,0
1,2,0,1,42,49,70,20,16,47,44,50,36,94,100,56,55,57,44,6,4,2,0,2,38,53,32,25,30,51,75,75,85,236,236,238,-1,-1,-1,1,0
1,2,0,1,42,49,70,20,16,47,44,50,36,94,100,56,55,57,44,6,4,2,0,2,41,53,53,24,27,51,77,84,66,-1,-1,-1,-1,-1,-1,5,0
1,2,0,1,42,49,70,20,16,47,44,50,36,94,100,56,55,57,44,6,4,2,0,2,42,52,32,23,25,51,79,88,108,43,42,47,-1,-1,-1,2,0
1,2,0,1,42,49,70,20,16,47,44,50,36,94,100,56,55,57,44,6,4,2,2,2,36,53,30,24,28,50,81,122,104,0,0,0,0,0,0,5,0
1,2,0,1,42,49,70,20,16,47,44,50,36,94,100,56,55,57,44,6,4,2,0,2,42,55,30,23,27,48,82,106,145,144,162,183,-1,-1,-1,5,0
1,2,0,1,42,49,70,20,16,47,44,50,36,94,100,56,55,57,44,6,4,2,0,2,42,52,32,23,28,53,84,93,62,-1,-1,-1,-1,-1,-1,5,0
1,2,0,1,42,49,70,20,16,47,44,50,36,94,100,56,55,57,44,6,4,2,0,2,41,50,29,24,27,51,85,82,75,27,27,26,-1,-1,-1,6,0
1,2,0,1,42,49,70,20,16,47,44,50,36,94,100,56,55,57,44,6,4,2,0,2,37,52,32,28,32,52,98,98,98,245,245,245,-1,-1,-1,5,0
1,2,0,1,42,49,70,20,16,47,44,50,36,94,100,56,55,57,44,6,4,2,0,2,41,51,29,15,27,102,101,150,85,-1,-1,-1,-1,-1,-1,5,0
1,2,0,1,42,49,70,20,16,47,44,50,36,94,100,56,55,57,44,6,4,2,0,2,39,53,30,23,25,48,102,120,168,-1,-1,-1,-1,-1,-1,5,0
1,2,0,1,42,49,70,20,16,47,44,50,36,94,100,56,55,57,44,6,4,2,0,2,36,52,29,10,28,96,105,105,107,-1,-1,-1,-1,-1,-1,5,0
1,2,0,1,42,49,70,20,16,47,44,50,36,94,100,56,55,57,44,6,4,2,0,2,40,52,30,24,27,53,118,138,162,-1,-1,-1,-1,-1,-1,5,0
1,2,0,1,42,49,70,20,16,47,44,50,36,94,100,56,55,57,44,6,4,2,0,2,39,52,30,18,29,89,122,123,127,0,0,0,0,0,0,5,0
1,2,0,2,43,50,70,19,16,47,135,134,139,-1,-1,-1,-1,-1,-1,5,4,2,0,2,38,52,30,11,27,97,50,54,37,-1,-1,-1,-1,-1,-1,5,0
1,2,0,2,43,50,70,19,16,47,135,134,139,-1,-1,-1,-1,-1,-1,5,4,2,0,2,39,50,32,15,28,99,50,55,35,-1,-1,-1,-1,-1,-1,5,0
1,2,0,2,43,50,70,19,16,47,135,134,139,-1,-1,-1,-1,-1,-1,5,4,2,0,2,41,55,32,25,27,55,52,56,67,0,0,0,0,0,0,5,0
1,2,0,2,43,50,70,19,16,47,135,134,139,-1,-1,-1,-1,-1,-1,5,4,2,0,2,37,53,32,28,32,52,54,58,23,226,216,204,35,35,35,6,0
1,2,0,2,43,50,70,19,16,47,135,134,139,-1,-1,-1,-1,-1,-1,5,4,2,0,2,38,52,30,11,27,97,57,61,41,-1,-1,-1,-1,-1,-1,5,0
1,2,0,2,43,50,70,19,16,47,135,134,139,-1,-1,-1,-1,-1,-1,5,4,2,0,2,41,53,30,23,27,53,57,76,108,126,147,164,-1,-1,-1,2,0
1,2,0,2,43,50,70,19,16,47,135,134,139,-1,-1,-1,-1,-1,-1,5,4,2,0,2,41,55,32,25,27,55,59,62,74,-1,-1,-1,-1,-1,-1,5,0
1,2,0,2,43,50,70,19,16,47,135,134,139,-1,-1,-1,-1,-1,-1,5,4,2,0,2,39,53,30,23,25,48,62,88,139,0,0,0,0,0,0,5,0
1,2,0,2,43,50,70,19,16,47,135,134,139,-1,-1,-1,-1,-1,-1,5,4,2,0,2,38,53,32,25,30,51,75,75,85,236,236,238,-1,-1,-1,1,0
1,2,0,2,43,50,70,19,16,47,135,134,139,-1,-1,-1,-1,-1,-1,5,4,2,0,2,41,53,53,24,27,51,77,84,66,-1,-1,-1,-1,-1,-1,5,0
1,2,0,2,43,50,70,19,16,47,135,134,139,-1,-1,-1,-1,-1,-1,5,4,2,0,2,42,52,32,23,25,51,79,88,108,43,42,47,-1,-1,-1,2,0
1,2,0,2,43,50,70,19,16,47,135,134,139,-1,-1,-1,-1,-1,-1,5,4,2,2,2,36,53,30,24,28,50,81,122,104,0,0,0,0,0,0,5,0
1,2,0,2,43,50,70,19,16,47,135,134,139,-1,-1,-1,-1,-1,-1,5,4,2,0,2,42,55,30,23,27,48,82,106,145,144,162,183,-1,-1,-1,5,0
1,2,0,2,43,50,70,19,16,47,135,134,139,-1,-1,-1,-1,-1,-1,5,4,2,0,2,42,52,32,23,28,53,84,93,62,-1,-1,-1,-1,-1,-1,5,0
1,2,0,2,43,50,70,19,16,47,135,134,139,-1,-1,-1,-1,-1,-1,5,4,2,0,2,41,50,29,24,27,51,85,82,75,27,27,26,-1,-1,-1,6,0
1,2,0,2,43,50,70,19,16,47,135,134,139,-1,-1,-1,-1,-1,-1,5,4,2,0,2,37,52,32,28,32,52,98,98,98,245,245,245,-1,-1,-1,5,0
1,2,0,2,43,50,70,19,16,47,135,134,139,-1,-1,-1,-1,-1,-1,5,4,2,0,2,41,51,29,15,27,102,101,150,85,-1,-1,-1,-1,-1,-1,5,0
1,2,0,2,43,50,70,19,16,47,135,134,139,-1,-1,-1,-1,-1,-1,5,4,2,0,2,39,53,30,23,25,48,102,120,168,-1,-1,-1,-1,-1,-1,5,0
1,2,0,2,43,50,70,19,16,47,135,134,139,-1,-1,-1,-1,-1,-1,5,4,2,0,2,36,52,29,10,28,96,105,105,107,-1,-1,-1,-1,-1,-1,5,0
1,2,0,2,43,50,70,19,16,47,135,134,139,-1,-1,-1,-1,-1,-1,5,4,2,0,2,40,52,30,24,27,53,118,138,162,-1,-1,-1,-1,-1,-1,5,0
1,2,0,2,43,50,70,19,16,47,135,134,139,-1,-1,-1,-1,-1,-1,5,4,2,0,2,39,52,30,18,29,89,122,123,127,0,0,0,0,0,0,5,0
1,2,0,2,42,49,70,20,16,47,166,167,161,255,255,255,-1,-1,-1,1,4,2,0,2,38,52,30,11,27,97,50,54,37,-1,-1,-1,-1,-1,-1,5,0
1,2,0,2,42,49,70,20,16,47,166,167,161,255,255,255,-1,-1,-1,1,4,2,0,2,39,50,32,15,28,99,50,55,35,-1,-1,-1,-1,-1,-1,5,0
1,2,0,2,42,49,70,20,16,47,166,167,161,255,255,255,-1,-1,-1,1,4,2,0,2,41,55,32,25,27,55,52,56,67,0,0,0,0,0,0,5,0
1,2,0,2,42,49,70,20,16,47,166,167,161,255,255,255,-1,-1,-1,1,4,2,0,2,37,53,32,28,32,52,54,58,23,226,216,204,35,35,35,6,0
1,2,0,2,42,49,70,20,16,47,166,167,161,255,255,255,-1,-1,-1,1,4,2,0,2,38,52,30,11,27,97,57,61,41,-1,-1,-1,-1,-1,-1,5,0
1,2,0,2,42,49,70,20,16,47,166,167,161,255,255,255,-1,-1,-1,1,4,2,0,2,41,53,30,23,27,53,57,76,108,126,147,164,-1,-1,-1,2,0
1,2,0,2,42,49,70,20,16,47,166,167,161,255,255,255,-1,-1,-1,1,4,2,0,2,41,55,32,25,27,55,59,62,74,-1,-1,-1,-1,-1,-1,5,0
1,2,0,2,42,49,70,20,16,47,166,167,161,255,255,255,-1,-1,-1,1,4,2,0,2,39,53,30,23,25,48,62,88,139,0,0,0,0,0,0,5,0
1,2,0,2,42,49,70,20,16,47,166,167,161,255,255,255,-1,-1,-1,1,4,2,0,2,38,53,32,25,30,51,75,75,85,236,236,238,-1,-1,-1,1,0
1,2,0,2,42,49,70,20,16,47,166,167,161,255,255,255,-1,-1,-1,1,4,2,0,2,41,53,53,24,27,51,77,84,66,-1,-1,-1,-1,-1,-1,5,0
1,2,0,2,42,49,70,20,16,47,166,167,161,255,255,255,-1,-1,-1,1,4,2,0,2,42,52,32,23,25,51,79,88,108,43,42,47,-1,-1,-1,2,0
1,2,0,2,42,49,70,20,16,47,166,167,161,255,255,255,-1,-1,-1,1,4,2,2,2,36,53,30,24,28,50,81,122,104,0,0,0,0,0,0,5,0
1,2,0,2,42,49,70,20,16,47,166,167,161,255,255,255,-1,-1,-1,1,4,2,0,2,42,55,30,23,27,48,82,106,145,144,162,183,-1,-1,-1,5,0
1,2,0,2,42,49,70,20,16,47,166,167,161,255,255,255,-1,-1,-1,1,4,2,0,2,42,52,32,23,28,53,84,93,62,-1,-1,-1,-1,-1,-1,5,0
1,2,0,2,42,49,70,20,16,47,166,167,161,255,255,255,-1,-1,-1,1,4,2,0,2,41,50,29,24,27,51,85,82,75,27,27,26,-1,-1,-1,6,0
1,2,0,2,42,49,70,20,16,47,166,167,161,255,255,255,-1,-1,-1,1,4,2,0,2,37,52,32,28,32,52,98,98,98,245,245,245,-1,-1,-1,5,0
1,2,0,2,42,49,70,20,16,47,166,167,161,255,255,255,-1,-1,-1,1,4,2,0,2,41,51,29,15,27,102,101,150,85,-1,-1,-1,-1,-1,-1,5,0
1,2,0,2,42,49,70,20,16,47,166,167,161,255,255,255,-1,-1,-1,1,4,2,0,2,39,53,30,23,25,48,102,120,168,-1,-1,-1,-1,-1,-1,5,0
1,2,0,2,42,49,70,20,16,47,166,167,161,255,255,255,-1,-1,-1,1,4,2,0,2,36,52,29,10,28,96,105,105,107,-1,-1,-1,-1,-1,-1,5,0
1,2,0,2,42,49,70,20,16,47,166,167,161,255,255,255,-1,-1,-1,1,4,2,0,2,40,52,30,24,27,53,118,138,162,-1,-1,-1,-1,-1,-1,5,0
1,2,0,2,42,49,70,20,16,47,166,167,161,255,255,255,-1,-1,-1,1,4,2,0,2,39,52,30,18,29,89,122,123,127,0,0,0,0,0,0,5,0
1,2,2,2,42,49,70,20,16,47,190,167,173,0,0,0,0,0,0,2,4,2,0,2,38,52,30,11,27,97,50,54,37,-1,-1,-1,-1,-1,-1,5,0
1,2,2,2,42,49,70,20,16,47,190,167,173,0,0,0,0,0,0,2,4,2,0,2,39,50,32,15,28,99,50,55,35,-1,-1,-1,-1,-1,-1,5,0
1,2,2,2,42,49,70,20,16,47,190,167,173,0,0,0,0,0,0,2,4,2,0,2,41,55,32,25,27,55,52,56,67,0,0,0,0,0,0,5,0
1,2,2,2,42,49,70,20,16,47,190,167,173,0,0,0,0,0,0,2,4,2,0,2,37,53,32,28,32,52,54,58,23,226,216,204,35,35,35,6,0
1,2,2,2,42,49,70,20,16,47,190,167,173,0,0,0,0,0,0,2,4,2,0,2,38,52,30,11,27,97,57,61,41,-1,-1,-1,-1,-1,-1,5,0
1,2,2,2,42,49,70,20,16,47,190,167,173,0,0,0,0,0,0,2,4,2,0,2,41,53,30,23,27,53,57,76,108,126,147,164,-1,-1,-1,2,0
1,2,2,2,42,49,70,20,16,47,190,167,173,0,0,0,0,0,0,2,4,2,0,2,41,55,32,25,27,55,59,62,74,-1,-1,-1,-1,-1,-1,5,0
1,2,2,2,42,49,70,20,16,47,190,167,173,0,0,0,0,0,0,2,4,2,0,2,39,53,30,23,25,48,62,88,139,0,0,0,0,0,0,5,0
1,2,2,2,42,49,70,20,16,47,190,167,173,0,0,0,0,0,0,2,4,2,0,2,38,53,32,25,30,51,75,75,85,236,236,238,-1,-1,-1,1,0
1,2,2,2,42,49,70,20,16,47,190,167,173,0,0,0,0,0,0,2,4,2,0,2,41,53,53,24,27,51,77,84,66,-1,-1,-1,-1,-1,-1,5,0
1,2,2,2,42,49,70,20,16,47,190,167,173,0,0,0,0,0,0,2,4,2,0,2,42,52,32,23,25,51,79,88,108,43,42,47,-1,-1,-1,2,0
1,2,2,2,42,49,70,20,16,47,190,167,173,0,0,0,0,0,0,2,4,2,2,2,36,53,30,24,28,50,81,122,104,0,0,0,0,0,0,5,0
1,2,2,2,42,49,70,20,16,47,190,167,173,0,0,0,0,0,0,2,4,2,0,2,42,55,30,23,27,48,82,106,145,144,162,183,-1,-1,-1,5,0
1,2,2,2,42,49,70,20,16,47,190,167,173,0,0,0,0,0,0,2,4,2,0,2,42,52,32,23,28,53,84,93,62,-1,-1,-1,-1,-1,-1,5,0
1,2,2,2,42,49,70,20,16,47,190,167,173,0,0,0,0,0,0,2,4,2,0,2,41,50,29,24,27,51,85,82,75,27,27,26,-1,-1,-1,6,0
1,2,2,2,42,49,70,20,16,47,190,167,173,0,0,0,0,0,0,2,4,2,0,2,37,52,32,28,32,52,98,98,98,245,245,245,-1,-1,-1,5,0
1,2,2,2,42,49,70,20,16,47,190,167,173,0,0,0,0,0,0,2,4,2,0,2,41,51,29,15,27,102,101,150,85,-1,-1,-1,-1,-1,-1,5,0
1,2,2,2,42,49,70,20,16,47,190,167,173,0,0,0,0,0,0,2,4,2,0,2,39,53,30,23,25,48,102,120,168,-1,-1,-1,-1,-1,-1,5,0
1,2,2,2,42,49,70,20,16,47,190,167,173,0,0,0,0,0,0,2,4,2,0,2,36,52,29,10,28,96,105,105,107,-1,-1,-1,-1,-1,-1,5,0
1,2,2,2,42,49,70,20,16,47,190,167,173,0,0,0,0,0,0,2,4,2,0,2,40,52,30,24,27,53,118,138,162,-1,-1,-1,-1,-1,-1,5,0
1,2,2,2,42,49,70,20,16,47,190,167,173,0,0,0,0,0,0,2,4,2,0,2,39,52,30,18,29,89,122,123,127,0,0,0,0,0,0,5,0
1,2,0,2,43,50,70,20,16,48,199,199,199,47,47,47,-1,-1,-1,2,4,2,0,2,38,52,30,11,27,97,50,54,37,-1,-1,-1,-1,-1,-1,5,0
1,2,0,2,43,50,70,20,16,48,199,199,199,47,47,47,-1,-1,-1,2,4,2,0,2,39,50,32,15,28,99,50,55,35,-1,-1,-1,-1,-1,-1,5,0
1,2,0,2,43,50,70,20,16,48,199,199,199,47,47,47,-1,-1,-1,2,4,2,0,2,41,55,32,25,27,55,52,56,67,0,0,0,0,0,0,5,0
1,2,0,2,43,50,70,20,16,48,199,199,199,47,47,47,-1,-1,-1,2,4,2,0,2,37,53,32,28,32,52,54,58,23,226,216,204,35,35,35,6,0
1,2,0,2,43,50,70,20,16,48,199,199,199,47,47,47,-1,-1,-1,2,4,2,0,2,38,52,30,11,27,97,57,61,41,-1,-1,-1,-1,-1,-1,5,0
1,2,0,2,43,50,70,20,16,48,199,199,199,47,47,47,-1,-1,-1,2,4,2,0,2,41,53,30,23,27,53,57,76,108,126,147,164,-1,-1,-1,2,0
1,2,0,2,43,50,70,20,16,48,199,199,199,47,47,47,-1,-1,-1,2,4,2,0,2,41,55,32,25,27,55,59,62,74,-1,-1,-1,-1,-1,-1,5,0
1,2,0,2,43,50,70,20,16,48,199,199,199,47,47,47,-1,-1,-1,2,4,2,0,2,39,53,30,23,25,48,62,88,139,0,0,0,0,0,0,5,0
1,2,0,2,43,50,70,20,16,48,199,199,199,47,47,47,-1,-1,-1,2,4,2,0,2,38,53,32,25,30,51,75,75,85,236,236,238,-1,-1,-1,1,0
1,2,0,2,43,50,70,20,16,48,199,199,199,47,47,47,-1,-1,-1,2,4,2,0,2,41,53,53,24,27,51,77,84,66,-1,-1,-1,-1,-1,-1,5,0
1,2,0,2,43,50,70,20,16,48,199,199,199,47,47,47,-1,-1,-1,2,4,2,0,2,42,52,32,23,25,51,79,88,108,43,42,47,-1,-1,-1,2,0
1,2,0,2,43,50,70,20,16,48,199,199,199,47,47,47,-1,-1,-1,2,4,2,2,2,36,53,30,24,28,50,81,122,104,0,0,0,0,0,0,5,0
1,2,0,2,43,50,70,20,16,48,199,199,199,47,47,47,-1,-1,-1,2,4,2,0,2,42,55,30,23,27,48,82,106,145,144,162,183,-1,-1,-1,5,0
1,2,0,2,43,50,70,20,16,48,199,199,199,47,47,47,-1,-1,-1,2,4,2,0,2,42,52,32,23,28,53,84,93,62,-1,-1,-1,-1,-1,-1,5,0
1,2,0,2,43,50,70,20,16,48,199,199,199,47,47,47,-1,-1,-1,2,4,2,0,2,41,50,29,24,27,51,85,82,75,27,27,26,-1,-1,-1,6,0
1,2,0,2,43,50,70,20,16,48,199,199,199,47,47,47,-1,-1,-1,2,4,2,0,2,37,52,32,28,32,52,98,98,98,245,245,245,-1,-1,-1,5,0
1,2,0,2,43,50,70,20,16,48,199,199,199,47,47,47,-1,-1,-1,2,4,2,0,2,41,51,29,15,27,102,101,150,85,-1,-1,-1,-1,-1,-1,5,0
1,2,0,2,43,50,70,20,16,48,199,199,199,47,47,47,-1,-1,-1,2,4,2,0,2,39,53,30,23,25,48,102,120,168,-1,-1,-1,-1,-1,-1,5,0
1,2,0,2,43,50,70,20,16,48,199,199,199,47,47,47,-1,-1,-1,2,4,2,0,2,36,52,29,10,28,96,105,105,107,-1,-1,-1,-1,-1,-1,5,0
1,2,0,2,43,50,70,20,16,48,199,199,199,47,47,47,-1,-1,-1,2,4,2,0,2,40,52,30,24,27,53,118,138,162,-1,-1,-1,-1,-1,-1,5,0
1,2,0,2,43,50,70,20,16,48,199,199,199,47,47,47,-1,-1,-1,2,4,2,0,2,39,52,30,18,29,89,122,123,127,0,0,0,0,0,0,5,0
1,2,0,2,43,50,70,20,16,48,199,199,199,47,47,47,-1,-1,-1,2,4,2,0,2,41,55,32,24,27,53,27,42,43,0,0,0,0,0,0,5,0
1,2,0,2,43,50,70,20,16,48,199,199,199,47,47,47,-1,-1,-1,2,4,2,0,2,38,52,30,24,32,51,42,43,47,0,0,0,0,0,0,5,0
1,2,0,2,43,50,70,20,16,48,199,199,199,47,47,47,-1,-1,-1,2,4,2,0,2,39,55,32,23,28,53,49,55,57,240,240,242,-1,-1,-1,2,0
1,2,0,2,43,50,70,20,16,48,199,199,199,47,47,47,-1,-1,-1,2,4,2,0,2,41,55,32,24,25,52,55,62,70,-1,-1,-1,-1,-1,-1,5,0
1,2,0,2,43,50,70,20,16,48,199,199,199,47,47,47,-1,-1,-1,2,4,2,0,2,41,53,32,23,33,55,76,106,144,114,136,160,-1,-1,-1,5,0
1,2,0,2,43,50,70,20,16,48,199,199,199,47,47,47,-1,-1,-1,2,4,2,0,2,39,51,30,15,25,102,95,118,149,-1,-1,-1,-1,-1,-1,5,0
1,2,0,2,43,50,70,20,16,48,199,199,199,47,47,47,-1,-1,-1,2,4,1,2,2,38,53,32,24,30,51,2,2,2,169,170,174,-1,-1,-1,3,0
1,2,0,2,43,50,70,20,16,48,199,199,199,47,47,47,-1,-1,-1,2,4,2,0,2,38,53,30,24,30,51,110,90,55,-1,-1,-1,-1,-1,-1,5,0
1,2,0,2,43,50,70,20,16,48,199,199,199,47,47,47,-1,-1,-1,2,4,2,0,2,40,52,30,24,27,53,118,138,162,-1,-1,-1,-1,-1,-1,5,0
1,2,0,2,43,50,70,20,16,48,199,199,199,47,47,47,-1,-1,-1,2,4,2,0,2,41,55,32,25,30,53,150,125,86,-1,-1,-1,-1,-1,-1,5,0
1,2,0,2,43,50,70,20,16,48,199,199,199,47,47,47,-1,-1,-1,2,4,2,0,2,38,53,32,25,30,50,181,180,185,-1,-1,-1,-1,-1,-1,5,0
1,2,0,2,43,50,70,20,16,48,199,199,199,47,47,47,-1,-1,-1,2,4,2,2,2,41,51,30,23,28,52,192,124,218,0,0,0,0,0,0,5,0
1,2,0,2,43,50,70,20,16,48,199,199,199,47,47,47,-1,-1,-1,2,4,2,2,2,41,55,32,25,27,55,223,221,205,0,0,0,0,0,0,5,0
1,2,0,2,43,50,70,20,16,48,199,199,199,47,47,47,-1,-1,-1,2,4,2,0,2,37,52,30,23,32,51,0,0,0,255,255,255,0,0,0,6,0
1,2,0,2,43,50,70,19,16,47,0,0,0,61,130,195,0,0,0,2,4,2,0,2,38,53,30,24,30,51,15,24,39,-1,-1,-1,-1,-1,-1,5,0
1,2,0,2,43,50,70,19,16,47,0,0,0,61,130,195,0,0,0,2,4,2,0,2,41,56,32,27,30,53,17,17,17,255,255,255,-1,-1,-1,3,0
1,2,0,2,43,50,70,19,16,47,0,0,0,61,130,195,0,0,0,2,4,2,0,2,39,52,30,18,29,89,19,19,21,-1,-1,-1,-1,-1,-1,5,0
1,2,0,2,43,50,70,19,16,47,0,0,0,61,130,195,0,0,0,2,4,2,0,2,38,52,30,11,27,97,24,24,24,-1,-1,-1,-1,-1,-1,5,0
1,2,0,2,43,50,70,19,16,47,0,0,0,61,130,195,0,0,0,2,4,2,3,2,40,51,30,17,27,102,34,34,34,-1,-1,-1,-1,-1,-1,5,0
1,2,0,2,43,50,70,19,16,47,0,0,0,61,130,195,0,0,0,2,4,2,0,2,38,52,30,11,27,97,50,54,37,-1,-1,-1,-1,-1,-1,5,0
1,2,0,2,43,50,70,19,16,47,0,0,0,61,130,195,0,0,0,2,4,2,0,2,38,55,33,26,29,48,67,98,129,14,23,30,184,203,220,1,0
1,2,0,2,43,50,70,19,16,47,0,0,0,61,130,195,0,0,0,2,4,2,0,2,38,53,29,23,27,48,98,122,156,-1,-1,-1,-1,-1,-1,5,0
1,2,0,2,43,50,70,19,16,47,0,0,0,61,130,195,0,0,0,2,4,2,0,2,42,55,33,28,29,44,187,147,98,-1,-1,-1,-1,-1,-1,5,0
1,2,0,2,43,50,70,19,16,47,0,0,0,61,130,195,0,0,0,2,4,2,2,2,41,51,30,23,28,52,192,124,218,0,0,0,0,0,0,5,0
1,2,0,2,43,50,70,19,16,47,0,0,0,61,130,195,0,0,0,2,4,2,0,2,37,52,32,28,32,52,8,8,8,255,255,255,-1,-1,-1,5,0
1,2,0,2,43,50,70,19,16,47,0,0,0,61,130,195,0,0,0,2,4,2,0,2,41,55,32,24,27,53,27,42,43,0,0,0,0,0,0,5,0
1,2,0,2,43,50,70,19,16,47,0,0,0,61,130,195,0,0,0,2,4,2,0,2,39,51,29,24,28,48,28,28,40,255,255,255,-1,-1,-1,3,0
1,2,0,2,43,50,70,19,16,47,0,0,0,61,130,195,0,0,0,2,4,2,0,2,41,53,32,24,29,53,34,44,54,90,89,59,-1,-1,-1,5,0
1,2,0,2,43,50,70,19,16,47,0,0,0,61,130,195,0,0,0,2,4,2,0,2,40,56,30,23,27,51,36,36,36,-1,-1,-1,-1,-1,-1,5,0
1,2,0,2,43,50,70,19,16,47,0,0,0,61,130,195,0,0,0,2,4,2,0,2,39,55,32,23,28,53,49,55,57,240,240,242,-1,-1,-1,2,0
1,2,0,2,43,50,70,19,16,47,0,0,0,61,130,195,0,0,0,2,4,2,0,2,41,55,32,24,25,52,55,62,70,-1,-1,-1,-1,-1,-1,5,0
1,2,0,2,43,50,70,19,16,47,0,0,0,61,130,195,0,0,0,2,4,2,2,2,41,55,32,25,27,55,223,221,205,0,0,0,0,0,0,5,0
1,2,0,2,42,49,70,20,16,47,0,93,154,255,255,255,-1,-1,-1,2,4,2,2,2,41,56,32,27,30,53,0,0,0,238,230,229,0,0,0,3,0
1,2,0,2,42,49,70,20,16,47,0,93,154,255,255,255,-1,-1,-1,2,4,2,0,2,41,56,32,27,30,53,17,17,17,255,255,255,-1,-1,-1,3,0
1,2,0,2,42,49,70,20,16,47,0,93,154,255,255,255,-1,-1,-1,2,4,2,0,2,39,52,30,18,29,89,19,19,21,-1,-1,-1,-1,-1,-1,5,0
1,2,0,2,42,49,70,20,16,47,0,93,154,255,255,255,-1,-1,-1,2,4,2,0,2,38,52,30,11,27,97,24,24,24,-1,-1,-1,-1,-1,-1,5,0
1,2,0,2,42,49,70,20,16,47,0,93,154,255,255,255,-1,-1,-1,2,4,2,3,2,40,51,30,17,27,102,34,34,34,-1,-1,-1,-1,-1,-1,5,0
1,2,0,2,42,49,70,20,16,47,0,93,154,255,255,255,-1,-1,-1,2,4,2,0,2,38,52,30,11,27,97,50,54,37,-1,-1,-1,-1,-1,-1,5,0
1,2,0,2,42,49,70,20,16,47,0,93,154,255,255,255,-1,-1,-1,2,4,2,0,2,38,55,33,26,29,48,67,98,129,14,23,30,184,203,220,1,0
1,2,0,2,42,49,70,20,16,47,0,93,154,255,255,255,-1,-1,-1,2,4,2,0,2,38,53,29,23,27,48,98,122,156,-1,-1,-1,-1,-1,-1,5,0
1,2,0,2,42,49,70,20,16,47,0,93,154,255,255,255,-1,-1,-1,2,4,2,0,2,42,55,33,28,29,44,187,147,98,-1,-1,-1,-1,-1,-1,5,0
1,2,0,2,42,49,70,20,16,47,0,93,154,255,255,255,-1,-1,-1,2,4,2,2,2,41,51,30,23,28,52,192,124,218,0,0,0,0,0,0,5,0
1,2,0,2,42,49,70,20,16,47,0,93,154,255,255,255,-1,-1,-1,2,4,2,0,2,41,55,32,24,27,53,27,42,43,0,0,0,0,0,0,5,0
1,2,0,2,42,49,70,20,16,47,0,93,154,255,255,255,-1,-1,-1,2,4,2,0,2,39,51,29,24,28,48,28,28,40,255,255,255,-1,-1,-1,3,0
1,2,0,2,42,49,70,20,16,47,0,93,154,255,255,255,-1,-1,-1,2,4,2,0,2,41,53,32,24,29,53,34,44,54,90,89,59,-1,-1,-1,5,0
1,2,0,2,42,49,70,20,16,47,0,93,154,255,255,255,-1,-1,-1,2,4,2,0,2,40,56,30,23,27,51,36,36,36,-1,-1,-1,-1,-1,-1,5,0
1,2,0,2,42,49,70,20,16,47,0,93,154,255,255,255,-1,-1,-1,2,4,2,0,2,39,55,32,23,28,53,49,55,57,240,240,242,-1,-1,-1,2,0
1,2,0,2,42,49,70,20,16,47,0,93,154,255,255,255,-1,-1,-1,2,4,2,0,2,41,55,32,24,25,52,55,62,70,-1,-1,-1,-1,-1,-1,5,0
1,2,0,2,42,49,70,20,16,47,0,93,154,255,255,255,-1,-1,-1,2,4,2,2,2,41,55,32,25,27,55,223,221,205,0,0,0,0,0,0,5,0
1,2,0,2,42,49,70,20,16,47,1,34,75,19,179,153,211,215,218,2,4,2,0,2,39,52,30,18,29,89,0,0,0,0,0,0,0,0,0,5,0
1,2,0,2,42,49,70,20,16,47,1,34,75,19,179,153,211,215,218,2,4,2,2,2,41,56,32,27,30,53,0,0,0,238,230,229,0,0,0,3,0
1,2,0,2,42,49,70,20,16,47,1,34,75,19,179,153,211,215,218,2,4,2,0,2,37,52,32,28,32,52,8,8,8,255,255,255,-1,-1,-1,5,0
1,2,0,2,42,49,70,20,16,47,1,34,75,19,179,153,211,215,218,2,4,2,2,2,39,53,32,24,30,51,20,30,32,0,0,0,0,0,0,5,0
1,2,0,2,42,49,70,20,16,47,1,34,75,19,179,153,211,215,218,2,4,2,0,2,41,52,32,27,30,53,26,36,55,-1,-1,-1,-1,-1,-1,5,0
1,2,0,2,42,49,70,20,16,47,1,34,75,19,179,153,211,215,218,2,4,2,0,2,41,55,32,24,27,53,27,42,43,0,0,0,0,0,0,5,0
1,2,0,2,42,49,70,20,16,47,1,34,75,19,179,153,211,215,218,2,4,2,0,2,39,51,29,24,28,48,28,28,40,255,255,255,-1,-1,-1,3,0
1,2,0,2,42,49,70,20,16,47,1,34,75,19,179,153,211,215,218,2,4,2,0,2,41,53,32,24,29,53,34,44,54,90,89,59,-1,-1,-1,5,0
1,2,0,2,42,49,70,20,16,47,1,34,75,19,179,153,211,215,218,2,4,2,0,2,38,52,30,11,27,97,50,54,37,-1,-1,-1,-1,-1,-1,5,0
1,2,0,2,42,49,70,20,16,47,1,34,75,19,179,153,211,215,218,2,4,2,0,2,41,55,32,24,25,52,55,62,70,-1,-1,-1,-1,-1,-1,5,0
1,2,0,2,42,49,70,20,16,47,1,34,75,19,179,153,211,215,218,2,4,2,0,2,39,50,29,16,26,101,68,87,124,200,195,172,-1,-1,-1,5,0
1,2,0,2,42,49,70,20,16,47,1,34,75,19,179,153,211,215,218,2,4,2,2,2,41,51,30,23,28,52,192,124,218,0,0,0,0,0,0,5,0
1,2,0,2,42,49,70,20,16,47,1,34,75,19,179,153,211,215,218,2,4,2,2,2,41,55,32,25,27,55,223,221,205,0,0,0,0,0,0,5,0
1,2,0,2,42,49,70,20,16,47,1,34,75,19,179,153,211,215,218,2,4,2,0,2,38,53,32,25,30,50,181,180,185,-1,-1,-1,-1,-1,-1,5,0
1,2,0,2,42,49,70,20,15,49,20,42,79,254,161,57,255,255,255,2,4,2,2,2,41,56,32,27,30,53,0,0,0,238,230,229,0,0,0,3,0
1,2,0,2,42,49,70,20,15,49,20,42,79,254,161,57,255,255,255,2,4,2,0,2,37,52,32,28,32,52,8,8,8,255,255,255,-1,-1,-1,5,0
1,2,0,2,42,49,70,20,15,49,20,42,79,254,161,57,255,255,255,2,4,2,0,2,41,52,32,27,30,53,26,36,55,-1,-1,-1,-1,-1,-1,5,0
1,2,0,2,42,49,70,20,15,49,20,42,79,254,161,57,255,255,255,2,4,2,0,2,41,55,32,24,27,53,27,42,43,0,0,0,0,0,0,5,0
1,2,0,2,42,49,70,20,15,49,20,42,79,254,161,57,255,255,255,2,4,2,0,2,39,51,29,24,28,48,28,28,40,255,255,255,-1,-1,-1,3,0
1,2,0,2,42,49,70,20,15,49,20,42,79,254,161,57,255,255,255,2,4,2,0,2,41,53,32,24,29,53,34,44,54,90,89,59,-1,-1,-1,5,0
1,2,0,2,42,49,70,20,15,49,20,42,79,254,161,57,255,255,255,2,4,2,0,2,38,52,30,11,27,97,50,54,37,-1,-1,-1,-1,-1,-1,5,0
1,2,0,2,42,49,70,20,15,49,20,42,79,254,161,57,255,255,255,2,4,2,0,2,41,55,32,24,25,52,55,62,70,-1,-1,-1,-1,-1,-1,5,0
1,2,0,2,42,49,70,20,15,49,20,42,79,254,161,57,255,255,255,2,4,2,0,2,39,50,29,16,26,101,68,87,124,200,195,172,-1,-1,-1,5,0
1,2,0,2,42,49,70,20,15,49,20,42,79,254,161,57,255,255,255,2,4,2,2,2,41,51,30,23,28,52,192,124,218,0,0,0,0,0,0,5,0
1,2,0,2,42,49,70,20,15,49,20,42,79,254,161,57,255,255,255,2,4,2,2,2,41,55,32,25,27,55,223,221,205,0,0,0,0,0,0,5,0
1,2,0,2,42,49,70,20,15,49,20,42,79,254,161,57,255,255,255,2,4,2,0,2,38,53,32,25,30,50,181,180,185,-1,-1,-1,-1,-1,-1,5,0
1,2,0,2,42,49,70,20,16,47,21,28,36,87,32,37,219,217,218,1,4,2,2,2,41,56,32,27,30,53,0,0,0,238,230,229,0,0,0,3,0
1,2,0,2,42,49,70,20,16,47,21,28,36,87,32,37,219,217,218,1,4,2,0,2,37,52,32,28,32,52,8,8,8,255,255,255,-1,-1,-1,5,0
1,2,0,2,42,49,70,20,16,47,21,28,36,87,32,37,219,217,218,1,4,2,0,2,41,52,32,27,30,53,26,36,55,-1,-1,-1,-1,-1,-1,5,0
1,2,0,2,42,49,70,20,16,47,21,28,36,87,32,37,219,217,218,1,4,2,0,2,41,55,32,24,27,53,27,42,43,0,0,0,0,0,0,5,0
1,2,0,2,42,49,70,20,16,47,21,28,36,87,32,37,219,217,218,1,4,2,0,2,39,51,29,24,28,48,28,28,40,255,255,255,-1,-1,-1,3,0
1,2,0,2,42,49,70,20,16,47,21,28,36,87,32,37,219,217,218,1,4,2,0,2,41,53,32,24,29,53,34,44,54,90,89,59,-1,-1,-1,5,0
1,2,0,2,42,49,70,20,16,47,21,28,36,87,32,37,219,217,218,1,4,2,0,2,38,52,30,11,27,97,50,54,37,-1,-1,-1,-1,-1,-1,5,0
1,2,0,2,42,49,70,20,16,47,21,28,36,87,32,37,219,217,218,1,4,2,0,2,41,55,32,24,25,52,55,62,70,-1,-1,-1,-1,-1,-1,5,0
1,2,0,2,42,49,70,20,16,47,21,28,36,87,32,37,219,217,218,1,4,2,0,2,39,50,29,16,26,101,68,87,124,200,195,172,-1,-1,-1,5,0
1,2,0,2,42,49,70,20,16,47,21,28,36,87,32,37,219,217,218,1,4,2,2,2,41,51,30,23,28,52,192,124,218,0,0,0,0,0,0,5,0
1,2,0,2,42,49,70,20,16,47,21,28,36,87,32,37,219,217,218,1,4,2,2,2,41,55,32,25,27,55,223,221,205,0,0,0,0,0,0,5,0
1,2,0,2,42,49,70,20,16,47,21,28,36,87,32,37,219,217,218,1,4,2,0,2,36,52,32,25,28,51,30,38,61,-1,-1,-1,-1,-1,-1,5,0
1,2,0,2,42,49,70,20,16,47,21,28,36,87,32,37,219,217,218,1,4,2,0,2,42,55,30,23,28,51,148,170,190,222,230,238,93,116,152,6,0
1,2,0,2,48,48,76,19,17,51,32,32,28,89,88,84,-1,-1,-1,6,4,2,2,2,41,56,32,27,30,53,0,0,0,238,230,229,0,0,0,3,0
1,2,0,2,48,48,76,19,17,51,32,32,28,89,88,84,-1,-1,-1,6,4,2,0,2,37,52,32,28,32,52,8,8,8,255,255,255,-1,-1,-1,5,0
1,2,0,2,48,48,76,19,17,51,32,32,28,89,88,84,-1,-1,-1,6,4,2,0,2,41,52,32,27,30,53,26,36,55,-1,-1,-1,-1,-1,-1,5,0
1,2,0,2,48,48,76,19,17,51,32,32,28,89,88,84,-1,-1,-1,6,4,2,0,2,41,55,32,24,27,53,27,42,43,0,0,0,0,0,0,5,0
1,2,0,2,48,48,76,19,17,51,32,32,28,89,88,84,-1,-1,-1,6,4,2,0,2,39,51,29,24,28,48,28,28,40,255,255,255,-1,-1,-1,3,0
1,2,0,2,48,48,76,19,17,51,32,32,28,89,88,84,-1,-1,-1,6,4,2,0,2,41,53,32,24,29,53,34,44,54,90,89,59,-1,-1,-1,5,0
1,2,0,2,48,48,76,19,17,51,32,32,28,89,88,84,-1,-1,-1,6,4,2,0,2,38,52,30,11,27,97,50,54,37,-1,-1,-1,-1,-1,-1,5,0
1,2,0,2,48,48,76,19,17,51,32,32,28,89,88,84,-1,-1,-1,6,4,2,0,2,41,55,32,24,25,52,55,62,70,-1,-1,-1,-1,-1,-1,5,0
1,2,0,2,48,48,76,19,17,51,32,32,28,89,88,84,-1,-1,-1,6,4,2,0,2,39,50,29,16,26,101,68,87,124,200,195,172,-1,-1,-1,5,0
1,2,0,2,48,48,76,19,17,51,32,32,28,89,88,84,-1,-1,-1,6,4,2,2,2,41,51,30,23,28,52,192,124,218,0,0,0,0,0,0,5,0
1,2,0,2,48,48,76,19,17,51,32,32,28,89,88,84,-1,-1,-1,6,4,2,2,2,41,55,32,25,27,55,223,221,205,0,0,0,0,0,0,5,0
1,2,0,2,48,48,76,19,17,51,32,32,28,89,88,84,-1,-1,-1,6,4,2,0,2,36,52,32,25,28,51,30,38,61,-1,-1,-1,-1,-1,-1,5,0
1,2,0,2,48,48,76,19,17,51,32,32,28,89,88,84,-1,-1,-1,6,4,2,0,2,42,55,30,23,28,51,148,170,190,222,230,238,93,116,152,6,0
1,2,0,2,44,50,71,21,17,49,41,58,88,227,248,180,-1,-1,-1,2,4,2,2,2,41,56,32,27,30,53,0,0,0,238,230,229,0,0,0,3,0
1,2,0,2,44,50,71,21,17,49,41,58,88,227,248,180,-1,-1,-1,2,4,2,0,2,39,52,30,18,29,89,19,19,21,-1,-1,-1,-1,-1,-1,5,0
1,2,0,2,44,50,71,21,17,49,41,58,88,227,248,180,-1,-1,-1,2,4,2,0,2,41,52,32,27,30,53,26,36,55,-1,-1,-1,-1,-1,-1,5,0
1,2,0,2,44,50,71,21,17,49,41,58,88,227,248,180,-1,-1,-1,2,4,2,0,2,41,55,32,24,27,53,27,42,43,0,0,0,0,0,0,5,0
1,2,0,2,44,50,71,21,17,49,41,58,88,227,248,180,-1,-1,-1,2,4,2,0,2,39,51,29,24,28,48,28,28,40,255,255,255,-1,-1,-1,3,0
1,2,0,2,44,50,71,21,17,49,41,58,88,227,248,180,-1,-1,-1,2,4,2,0,2,41,52,32,27,30,53,31,43,67,190,162,118,36,36,36,5,0
1,2,0,2,44,50,71,21,17,49,41,58,88,227,248,180,-1,-1,-1,2,4,2,3,2,40,51,30,17,27,102,34,34,34,-1,-1,-1,-1,-1,-1,5,0
1,2,0,2,44,50,71,21,17,49,41,58,88,227,248,180,-1,-1,-1,2,4,2,0,2,41,53,32,24,29,53,34,44,54,90,89,59,-1,-1,-1,5,0
1,2,0,2,44,50,71,21,17,49,41,58,88,227,248,180,-1,-1,-1,2,4,2,0,2,40,56,30,23,27,51,36,36,36,-1,-1,-1,-1,-1,-1,5,0
1,2,0,2,44,50,71,21,17,49,41,58,88,227,248,180,-1,-1,-1,2,4,2,0,2,39,55,32,23,28,53,49,55,57,240,240,242,-1,-1,-1,2,0
1,2,0,2,44,50,71,21,17,49,41,58,88,227,248,180,-1,-1,-1,2,4,2,0,2,41,55,32,24,25,52,55,62,70,-1,-1,-1,-1,-1,-1,5,0
1,2,0,2,44,50,71,21,17,49,41,58,88,227,248,180,-1,-1,-1,2,4,2,0,2,38,55,33,26,29,48,67,98,129,14,23,30,184,203,220,1,0
1,2,0,2,44,50,71,21,17,49,41,58,88,227,248,180,-1,-1,-1,2,4,2,0,2,39,50,29,16,26,101,68,87,124,200,195,172,-1,-1,-1,5,0
1,2,0,2,44,50,71,21,17,49,41,58,88,227,248,180,-1,-1,-1,2,4,2,0,2,38,53,32,25,30,50,181,180,185,-1,-1,-1,-1,-1,-1,5,0
1,2,0,2,44,50,71,21,17,49,41,58,88,227,248,180,-1,-1,-1,2,4,2,2,2,41,51,30,23,28,52,192,124,218,0,0,0,0,0,0,5,0
1,2,0,2,43,50,70,19,16,47,213,216,221,144,20,21,75,88,128,2,4,2,2,2,41,56,32,27,30,53,0,0,0,238,230,229,0,0,0,3,0
1,2,0,2,43,50,70,19,16,47,213,216,221,144,20,21,75,88,128,2,4,2,0,2,37,52,32,28,32,52,8,8,8,255,255,255,-1,-1,-1,5,0
1,2,0,2,43,50,70,19,16,47,213,216,221,144,20,21,75,88,128,2,4,2,0,2,41,52,32,27,30,53,26,36,55,-1,-1,-1,-1,-1,-1,5,0
1,2,0,2,43,50,70,19,16,47,213,216,221,144,20,21,75,88,128,2,4,2,0,2,41,55,32,24,27,53,27,42,43,0,0,0,0,0,0,5,0
1,2,0,2,43,50,70,19,16,47,213,216,221,144,20,21,75,88,128,2,4,2,0,2,39,51,29,24,28,48,28,28,40,255,255,255,-1,-1,-1,3,0
1,2,0,2,43,50,70,19,16,47,213,216,221,144,20,21,75,88,128,2,4,2,0,2,41,52,32,27,30,53,31,43,67,190,162,118,36,36,36,5,0
1,2,0,2,43,50,70,19,16,47,213,216,221,144,20,21,75,88,128,2,4,2,0,2,40,56,30,23,27,51,36,36,36,-1,-1,-1,-1,-1,-1,5,0
1,2,0,2,43,50,70,19,16,47,213,216,221,144,20,21,75,88,128,2,4,2,0,2,39,55,32,23,28,53,49,55,57,240,240,242,-1,-1,-1,2,0
1,2,0,2,43,50,70,19,16,47,213,216,221,144,20,21,75,88,128,2,4,2,0,2,38,52,30,11,27,97,50,54,37,-1,-1,-1,-1,-1,-1,5,0
1,2,0,2,43,50,70,19,16,47,213,216,221,144,20,21,75,88,128,2,4,2,0,2,41,55,32,24,25,52,55,62,70,-1,-1,-1,-1,-1,-1,5,0
1,2,0,2,43,50,70,19,16,47,213,216,221,144,20,21,75,88,128,2,4,2,0,2,39,51,30,15,25,102,95,118,149,-1,-1,-1,-1,-1,-1,5,0
1,2,0,2,43,50,70,19,16,47,213,216,221,144,20,21,75,88,128,2,4,2,0,2,40,52,30,24,27,53,118,138,162,-1,-1,-1,-1,-1,-1,5,0
1,2,0,2,43,50,70,19,16,47,213,216,221,144,20,21,75,88,128,2,4,2,0,2,42,55,30,23,28,51,148,170,190,222,230,238,93,116,152,6,0
1,2,0,2,43,50,70,19,16,47,213,216,221,144,20,21,75,88,128,2,4,2,0,2,39,51,32,24,28,52,148,135,106,76,72,42,-1,-1,-1,5,0
1,2,0,2,43,50,70,19,16,47,213,216,221,144,20,21,75,88,128,2,4,2,0,2,38,53,32,25,30,50,181,180,185,-1,-1,-1,-1,-1,-1,5,0
1,2,0,2,43,50,70,19,16,47,213,216,221,144,20,21,75,88,128,2,4,2,2,2,41,51,30,23,28,52,192,124,218,0,0,0,0,0,0,5,0
1,2,0,2,43,50,70,19,16,47,213,216,221,144,20,21,75,88,128,2,4,2,2,2,41,55,32,25,27,55,223,221,205,0,0,0,0,0,0,5,0
1,2,0,2,48,48,76,19,17,51,230,230,230,-1,-1,-1,-1,-1,-1,5,4,2,2,2,41,56,32,27,30,53,0,0,0,238,230,229,0,0,0,3,0
1,2,0,2,48,48,76,19,17,51,230,230,230,-1,-1,-1,-1,-1,-1,5,4,2,0,2,37,52,32,28,32,52,8,8,8,255,255,255,-1,-1,-1,5,0
1,2,0,2,48,48,76,19,17,51,230,230,230,-1,-1,-1,-1,-1,-1,5,4,2,0,2,41,52,32,27,30,53,26,36,55,-1,-1,-1,-1,-1,-1,5,0
1,2,0,2,48,48,76,19,17,51,230,230,230,-1,-1,-1,-1,-1,-1,5,4,2,0,2,41,55,32,24,27,53,27,42,43,0,0,0,0,0,0,5,0
1,2,0,2,48,48,76,19,17,51,230,230,230,-1,-1,-1,-1,-1,-1,5,4,2,0,2,39,51,29,24,28,48,28,28,40,255,255,255,-1,-1,-1,3,0
1,2,0,2,48,48,76,19,17,51,230,230,230,-1,-1,-1,-1,-1,-1,5,4,2,0,2,41,53,32,24,29,53,34,44,54,90,89,59,-1,-1,-1,5,0
1,2,0,2,48,48,76,19,17,51,230,230,230,-1,-1,-1,-1,-1,-1,5,4,2,0,2,38,52,30,11,27,97,50,54,37,-1,-1,-1,-1,-1,-1,5,0
1,2,0,2,48,48,76,19,17,51,230,230,230,-1,-1,-1,-1,-1,-1,5,4,2,0,2,41,55,32,24,25,52,55,62,70,-1,-1,-1,-1,-1,-1,5,0
1,2,0,2,48,48,76,19,17,51,230,230,230,-1,-1,-1,-1,-1,-1,5,4,2,0,2,39,50,29,16,26,101,68,87,124,200,195,172,-1,-1,-1,5,0
1,2,0,2,48,48,76,19,17,51,230,230,230,-1,-1,-1,-1,-1,-1,5,4,2,2,2,41,51,30,23,28,52,192,124,218,0,0,0,0,0,0,5,0
1,2,0,2,48,48,76,19,17,51,230,230,230,-1,-1,-1,-1,-1,-1,5,4,2,2,2,41,55,32,25,27,55,223,221,205,0,0,0,0,0,0,5,0
1,2,0,2,48,48,76,19,17,51,230,230,230,-1,-1,-1,-1,-1,-1,5,4,2,0,2,38,53,32,25,30,50,181,180,185,-1,-1,-1,-1,-1,-1,5,0
