 0.7413078290830768
 0.9254424642412972
 0.9432414908086545
 0.2862172775486339
 0.7603729835406184
 0.707208684593493
 0.8195397781290898
 0.9033473753847199
 0.4732239626503162
 0.7402289872487232
 0.6367548137237389
 0.5815403054797595
 0.629666941264425
 0.9221778194769834
 0.5624841168389036
 0.3249789694249675
 0.3080754339104133
 0.3697722078111723
 0.7117625884346053
 0.8787224173308623
 0.9303827926650257
 0.911151701416453
 0.5846254687030621
 0.7025902822067078
 0.6063761158349934
 0.6604664853053985
 0.7732318167865474
 0.8127092310357438
 0.6468194406123781
 0.8385338999466579
 0.541651540352196
 0.7607733963838416
 0.519877466978158
 0.6489090348512917
 0.4731073050758095
 0.6287706640926148
 0.8369857044646857
 0.9165608482534621
 0.5898617349507375
 0.9153737662163863
 0.7201603757781067
 0.843720073960895
 0.8116556108641979
 0.2940118235814198
 0.6746511572825789
 0.6675869883290868
 0.4947051478251486
 0.8795631526780635
 0.9236487256222045
 0.2505005066448637
 0.7762887869055234
 0.7119415633176281
 0.8632100232446154
 0.7896246297385849
 0.1361938990972128
 0.687668222113092
 0.9717073220137741
 0.9945558696066344
 0.750001888287027
 0.8197767103970607
 0.7926637334462249
 0.9283666315373762
 0.6489695264771254
 0.6038132614021418
 0.773963365796658
 0.9679940714742996
 0.7598411541572823
 0.6686802610358746
 0.6908255608595851
 0.9197497602803867
 0.7821330589860743
 0.6741858314144616
 0.5625377607984631
 0.5851489206631793
 0.9628611753875788
 0.9320672282476368
 0.4819307898969341
 0.3288818237387812
 0.724844781538651
 0.5168175975276782
 0.7030441746802992
 0.5467852060985999
 0.7239193657345294
 0.7476514186383657
 0.4957711382435478
 0.5549324141540261
 0.6576328524765781
 0.9536253336531781
 0.8661781075228268
 0.7792899611708805
 0.5240745742247508
 0.8790911097712861
 0.7618617874472108
 0.9143783078481493
 0.4734240165334578
 0.7114788772461007
 0.7445066286674561
 0.8831760860695773
 0.9341237443502909
 0.7597865827646118
 0.5385785124519015
 0.7860925754990402
 0.9562952899785763
 0.6734941313133139
 0.7219527597640225
 0.5777851831565051
 0.6871168801891622
 0.9454635651446174
 0.8445376506024155
 0.748281446303748
 0.1872166634119573
 0.8775389685285241
 0.5156954892932415
 0.7368450485103798
 0.5599999312053793
 0.5023870038386361
 0.6753071290051212
 0.5866213469163629
 0.02341611855746135
 0.6779516015759101
 0.2898631765887955
 0.7140364566248996
 0.3348582442280477
 0.3879318462507663
 0.4723002053591349
 0.02725779571838528
 0.2419835457901355
 0.119723255975976
 0.4388989612411467
 0.2676202821956231
 0.3410162339810061
 0.02977523950504305
 0.219510557983333
 0.2461234049453755
 0.4291085520469358
 0.2096064558651591
 0.7081254230713437
 0.1524873247936043
 0.01316253604514932
 0.1438138567745623
 0.08463732688127448
 0.2012595289714584
 0.3144360436262901
 0.2275168730484939
 0.04834992882321354
 0.5127459193184171
 0.5832853065627559
 0.8650365539496376
 0.2864904468921752
 0.7921692692887582
 0.2152307297693297
 0.5458043406820686
 0.4852765003702925
 0.628408630369337
 0.4741792740728388
 0.8317090739571869
 0.1211577006838645
 0.120167370239058
 0.2585144304031984
 0.4939313333426745
 0.6522314718276938
 0.8778969317129252
 0.8120981619415698
 0.8717289375666424
 0.8403657501332902
 0.6866342405667408
 0.7546053412737328
 0.9172143020716688
 0.9414019789666901
 0.8979105415421381
 0.8634178371673671
 0.731134598279251
 0.8310370039241863
 0.7966433689371637
 0.9054159484806753
 0.9210121558514888
 0.7566340211017174
 0.7302968958525817
 0.8737854875429487
 0.8893821219540364
 0.6133427450635537
 0.7699175377615576
 0.4734137852268032
 0.6390816943916885
 0.6868384512543064
 0.4417908026585131
 0.7700600739190036
 0.824083642324439
 0.6290130049343002
 0.6481567977584035
 0.7056329387597069
 0.7269337133909186
 0.652505454433712
 0.9256634367065509
 0.959901847621267
 0.8539090855234913
 0.7677935300769042
 0.872037863019626
 0.9080626784062585
 0.7174819297074522
 0.8649983447107745
 0.9342046730603359
 0.7837650724454854
 0.5138778993603811
 0.832807708741339
 0.734014763130144
 0.5557669548197937
 0.7923129500268803
 0.8918767522934752
 0.4496457511009126
 0.6446953170674752
 0.6552037648545321
 0.6984488764293318
 0.7744984676997877
 0.6443456984401422
 0.8675177787730419
 0.6831866542829648
 0.7192369106948867
 0.7385373467753373
 0.5239928250051217
 0.5137988015199126
 0.7176031690586182
 0.8860126982682842
 0.3929842496445421
 0.8682793065059111
 0.7530630231764954
 0.7486762705729919
 0.943034549970158
 0.5882408336540643
 0.8197270972573726
 0.6986194357914547
 0.6136334090965097
 0.8521751083742077
 0.6458046725008775
 0.7938826155131631
 0.4019782963830532
 0.7940352690466763
 0.6361060973966776
 0.7775811263579583
 0.3255912940275215
 0.6101368322125256
 0.5384000232554679
 0.6805023162451652
 0.888591940234136
 0.6943923011446225
 0.8205650733729599
 0.6196536393361384
 0.5420199058150416
 0.9664593196963304
 0.4428513814619628
 0.8034263882566837
 0.7617991270957886
 0.8119644548645941
 0.3782487867672039
 0.6576057852554215
 0.8590886923239857
 0.9575085740179177
 0.6265943104167579
 0.8385084067810391
 0.8436363136190989
 0.6997904461695388
 0.6606647079683414
 0.704993356535741
 0.8666922094855767
 0.7527308631966591
 0.1860244067270137
 0.9100047623641512
 0.4120671138660896
 0.767714506777906
 0.9620910703670967
 0.864157631041395
 0.7906479508282639
 0.836767980278604
 0.6966976672077819
 0.7589564565564751
 0.6633878256509561
 0.4370676647231829
 0.6300423293145098
 0.7825398068035799
 0.8376645529118386
 0.6850973556753175
 0.7944713610366451
 0.6619686840570166
 0.4320605192269907
 0.5013832795057374
 0.3135685990996322
 0.549080799699724
 0.07343148923643139
 0.06904589735211876
 0.1602428082397701
 0.131348533548772
 0.2532987907287487
 0.04169886599418837
 0.3429422130881298
 0.2756948624121819
 0.2486217888290876
 0.1506607793439466
 0.09737463293279991
 0.1004467782807338
 0.305670185901013
 0.140712273074029
 0.6857411552111117
 0.3301166949836647
 0.02733684792774178
 0.1486407983609689
 0.1429484646506115
 0.04017281640257386
 0.5632817942475774
 0.1439579102993905
 0.1585453588182915
 0.4243245236312206
 0.07155570309999731
 0.2869792168694886
 0.2248290811020401
 0.06740192638872952
 0.08877385138727908
 0.05267133959789041
 0.2236667010174904
 0.06570367289299485
 0.01922203512582015
 0.3485850561663971
 0.3691088980631385
 0.0816591599738113
 0.3720345376864475
 0.03003191626101226
 0.0120751109466235
 0.3304350610391691
 0.05960427473487283
 0.1872582218189463
 0.6430212096275099
 0.369787578092372
 0.05553375523394024
 0.1442423067030812
 0.1379666215693248
 0.1233118826966205
 0.03131295570061986
 0.0367061361910981
 0.1347951947658323
 0.1520378583452787
 0.1351548194500986
 0.03808006074606995
 0.2016100710820476
 0.3293542056438878
 0.3290427603128086
 0.1196135593506679
 0.1873022193597059
 0.2681017824239422
 0.4744248799339282
 0.2118162950440466
 0.1759285901399499
 0.343196929242722
 0.07210958461859099
 0.009980352536212921
 0.03344116042688259
 0.1202471798577692
 0.3403033934915876
 0.122486390127264
 0.09771757398726878
 0.1592878645403877
 0.4790366046483756
 0.08417172406030336
 0.1358927983663025
 0.1887729621355634
 0.1170012867534068
 0.08285308105480607
 0.02721305783185563
 0.1046219835421994
 0.0101614268050162
 0.009203851987928566
 0.3143949020354158
 0.1337143117276304
 0.09583015578647486
 0.4973727910227713
 0.02467171831360817
 0.08050225853228526
 0.2751361375051034
 0.04670864985911675
 0.08975363649581998
 0.1752453505165652
 0.3417581903562034
 0.5200622176442108
 0.04725030951934063
 0.1467152657413007
 0.3634172051149844
 0.1162898660065016
 0.2666699094243116
 0.06004023848142859
 0.1549180456200755
 0.1006412591058516
 0.005711604215615785
 0.09861484623539091
 0.1574241135498745
 0.1500028139461532
 0.6371302904418455
 0.350541121677899
 0.3354005708811202
 0.3970182427826774
 0.3407567106202634
 0.105114442527191
 0.1178796695542628
 0.5059958940628302
 0.2038264336515958
 0.4731175181106724
 0.0757608921085554
 0.09426092155138277
 0.1896070365743822
 0.008781014348194002
 0.3254044205222169
 0.0861685787847209
 0.291417991987072
 0.04529931600969421
 0.1201167984395879
 0.03988972957647589
 0.0435059708181838
 0.1429094365714991
 0.07989834257925371
 0.184932225086333
 0.1267820766885012
 0.1179186775318257
 0.06947906679705293
 0.2037555929192264
 0.1469152948466655
 0.1041351052336666
 0.1468563430381343
 0.2683043317508285
 0.6339946619940875
 0.08616408854947975
 0.575067306118119
 0.4286487096022984
 0.4984858556830994
 0.2324386635367006
 0.2117629669728421
 0.3696159205523543
 0.0328236311216335
 0.3249614385463465
 0.7636430075475183
 0.006691265564552176
 0.3270932836397783
 0.2941584689782827
 0.556181913227222
 0.3530041213155741
 0.1666216357162475
 0.1851885322715309
 0.01302306305263172
 0.1698142045357909
 0.6179404028149618
 0.1187011617027399
 0.1060931975983158
 0.04801663041584808
 0.09622580056331086
 0.4771123867353056
 0.1239462603976974
 0.3566540685297576
 0.6232225560888643
 0.07432103719404605
 0.03792231789331179
 0.03029046308808915
 0.6875347553133412
 0.164789262567986
 0.2756957960742231
 0.008999403395173945
 0.3296873689909436
 0.2944566439327063
 0.5204410633925345
 0.111045108600523
 0.6431326273353096
 0.1444995706646531
 0.4789554819495304
 0.2408773602250904
 0.4148372661333771
 0.2195917382418562
 0.7585629996493712
 0.1288743549650218
 0.274790052118262
 0.04844325675190791
 0.1372097005603587
 0.07071367579175603
 0.3570065500457308
 0.1616308658892086
 0.47801945078502
 0.04852921137013638
 0.05125296005743298
 0.1275161712773837
 0.3573345041880194
 0.4065932305149468
 0.08130516697917532
 0.4198140710147407
 0.3926804667433531
 0.2010263947215776
 0.05194907136764892
 0.04515183592254497
 0.02253538723531288
 0.3219490212553729
 0.20724812619253
 0.668647690384419
 0.1009224258368339
 0.04327224685969357
 0.1162833370923671
 0.2060991361394311
 0.1119798428832589
 0.2110912674796919
 0.03227364505836121
 0.1339664179555953
 0.195530679615196
 0.1168614639522217
 0.06599734783048961
 0.1185197416799905
 0.3129848875089654
 0.1563856108385532
 0.1924841285190709
 0.04814182893182325
 0.7439458762665251
 0.3494861101247798
 0.5751055555558677
 0.3562313558363086
 0.03231401633275336
 0.1448579919970919
 0.6517625993412863
 0.4623717327493874
 0.7730573535373675
 0.2978104548096916
 0.3202341096282857
 0.3309633295373066
 0.07594576166084727
 0.2207213627772231
 0.05930520734273418
 0.1423665745312354
 0.4731408912563426
 0.06806121646403319
 0.4812489193581799
 0.1481750559959632
 0.09900233675561457
 0.05092137015778693
 0.02195562157119829
 0.3742342741364708
 0.07035750873650072
 0.5160826065832347
 0.3191291685737625
 0.02879401138741569
 0.3406537454107305
 0.1880461314641687
 0.3760366350303874
 0.01994064753595026
 0.3478112825784633
 0.3701879551376268
 0.1270215925685615
 0.061043323564276
 0.1462876161519972
 0.3589145042440116
 0.3001857144984029
 0.08820667167171835
 0.1175825984356606
 0.02558651186813645
 0.158092314537353
 0.5165498616875943
 0.4733583400017638
 0.1390887539500074
 0.4838561567003137
 0.04750213854468702
 0.2672780479474492
 0.01814659478357886
 0.2354386701000004
 0.07585804903961643
 0.1413993113904961
 0.3431096527421995
 0.04414691915024086
 0.4122247092988766
 0.2084177278245933
 0.5480823236137758
 0.1404518414580806
 0.4091951648025348
 0.05323234197221755
 0.3853626185630397
 0.7218843065021811
 0.3718923114174799
 0.08782044897939371
 0.1939876721627688
 0.0172624927747107
 0.07749938227308553
 0.5294224510188981
 0.1313271127891956
 0.2191165271589195
 0.2273071610111173
 0.1307302036616761
 0.03504725476621678
 0.5236739484992459
 0.3432204468654462
