1,2,0,2,43,51,77,22,18,51,195,199,211,14,54,142,255,255,255,2,4,2,0,2,40,56,30,23,27,51,195,177,124,-1,-1,-1,-1,-1,-1,5\
1,2,0,2,43,51,77,22,18,51,195,199,211,14,54,142,255,255,255,2,4,2,0,2,41,55,32,25,30,53,163,134,92,-1,-1,-1,-1,-1,-1,5\
1,2,0,2,43,51,77,22,18,51,195,199,211,14,54,142,255,255,255,2,4,2,0,2,39,51,30,23,27,52,45,57,83,145,184,211,-1,-1,-1,3\
1,2,0,2,43,51,77,22,18,51,195,199,211,14,54,142,255,255,255,2,4,2,0,2,36,53,-1,23,30,52,193,192,197,-1,-1,-1,-1,-1,-1,5\
1,2,0,2,43,51,77,22,18,51,195,199,211,14,54,142,255,255,255,2,4,2,0,2,38,53,29,23,27,48,174,183,200,30,46,69,-1,-1,-1,5\
1,2,0,2,43,51,77,22,18,51,195,199,211,14,54,142,255,255,255,2,4,2,0,2,42,55,33,28,29,44,187,147,98,-1,-1,-1,-1,-1,-1,5\
1,2,0,2,43,51,77,22,18,51,195,199,211,14,54,142,255,255,255,2,4,2,0,2,41,55,32,24,25,52,55,62,70,-1,-1,-1,-1,-1,-1,5\
1,2,3,2,32,52,72,64,10,51,144,159,202,-1,-1,-1,-1,-1,-1,5,4,2,0,2,40,56,30,23,27,51,195,177,124,-1,-1,-1,-1,-1,-1,5\
1,2,3,2,32,52,72,64,10,51,144,159,202,-1,-1,-1,-1,-1,-1,5,4,2,0,2,41,55,32,25,30,53,163,134,92,-1,-1,-1,-1,-1,-1,5\
1,2,3,2,32,52,72,64,10,51,144,159,202,-1,-1,-1,-1,-1,-1,5,4,2,0,2,39,51,30,23,27,52,45,57,83,145,184,211,-1,-1,-1,3\
1,2,3,2,32,52,72,64,10,51,144,159,202,-1,-1,-1,-1,-1,-1,5,4,2,0,2,36,53,-1,23,30,52,193,192,197,-1,-1,-1,-1,-1,-1,5\
1,2,3,2,32,52,72,64,10,51,144,159,202,-1,-1,-1,-1,-1,-1,5,4,2,0,2,38,53,29,23,27,48,174,183,200,30,46,69,-1,-1,-1,5\
1,2,3,2,32,52,72,64,10,51,144,159,202,-1,-1,-1,-1,-1,-1,5,4,2,0,2,42,55,33,28,29,44,187,147,98,-1,-1,-1,-1,-1,-1,5\
1,2,3,2,32,52,72,64,10,51,144,159,202,-1,-1,-1,-1,-1,-1,5,4,2,0,2,41,55,32,24,25,52,55,62,70,-1,-1,-1,-1,-1,-1,5\
1,2,0,2,43,50,70,19,16,47,47,45,48,0,0,0,0,0,0,2,4,2,0,2,40,56,30,23,27,51,195,177,124,-1,-1,-1,-1,-1,-1,5\
1,2,0,2,43,50,70,19,16,47,47,45,48,0,0,0,0,0,0,2,4,2,0,2,41,55,32,25,30,53,163,134,92,-1,-1,-1,-1,-1,-1,5\
1,2,0,2,43,50,70,19,16,47,47,45,48,0,0,0,0,0,0,2,4,2,0,2,39,51,30,23,27,52,45,57,83,145,184,211,-1,-1,-1,3\
1,2,0,2,43,50,70,19,16,47,47,45,48,0,0,0,0,0,0,2,4,2,0,2,36,53,-1,23,30,52,193,192,197,-1,-1,-1,-1,-1,-1,5\
1,2,0,2,43,50,70,19,16,47,47,45,48,0,0,0,0,0,0,2,4,2,0,2,38,53,29,23,27,48,174,183,200,30,46,69,-1,-1,-1,5\
1,2,0,2,43,50,70,19,16,47,47,45,48,0,0,0,0,0,0,2,4,2,0,2,42,55,33,28,29,44,187,147,98,-1,-1,-1,-1,-1,-1,5\
1,2,0,2,43,50,70,19,16,47,47,45,48,0,0,0,0,0,0,2,4,2,0,2,41,55,32,24,25,52,55,62,70,-1,-1,-1,-1,-1,-1,5\
1,2,2,2,44,50,71,21,17,49,255,255,255,0,0,0,0,0,0,2,4,2,0,2,40,56,30,23,27,51,195,177,124,-1,-1,-1,-1,-1,-1,5\
1,2,2,2,44,50,71,21,17,49,255,255,255,0,0,0,0,0,0,2,4,2,0,2,41,55,32,25,30,53,163,134,92,-1,-1,-1,-1,-1,-1,5\
1,2,2,2,44,50,71,21,17,49,255,255,255,0,0,0,0,0,0,2,4,2,0,2,39,51,30,23,27,52,45,57,83,145,184,211,-1,-1,-1,3\
1,2,2,2,44,50,71,21,17,49,255,255,255,0,0,0,0,0,0,2,4,2,0,2,36,53,-1,23,30,52,193,192,197,-1,-1,-1,-1,-1,-1,5\
1,2,2,2,44,50,71,21,17,49,255,255,255,0,0,0,0,0,0,2,4,2,0,2,38,53,29,23,27,48,174,183,200,30,46,69,-1,-1,-1,5\
1,2,2,2,44,50,71,21,17,49,255,255,255,0,0,0,0,0,0,2,4,2,0,2,42,55,33,28,29,44,187,147,98,-1,-1,-1,-1,-1,-1,5\
1,2,2,2,44,50,71,21,17,49,255,255,255,0,0,0,0,0,0,2,4,2,0,2,41,55,32,24,25,52,55,62,70,-1,-1,-1,-1,-1,-1,5\
1,2,0,2,43,50,70,20,16,48,23,29,42,230,237,242,-1,-1,-1,1,4,2,0,2,40,56,30,23,27,51,195,177,124,-1,-1,-1,-1,-1,-1,5\
1,2,0,2,43,50,70,20,16,48,23,29,42,230,237,242,-1,-1,-1,1,4,2,0,2,41,55,32,25,30,53,163,134,92,-1,-1,-1,-1,-1,-1,5\
1,2,0,2,43,50,70,20,16,48,23,29,42,230,237,242,-1,-1,-1,1,4,2,0,2,39,51,30,23,27,52,45,57,83,145,184,211,-1,-1,-1,3\
1,2,0,2,43,50,70,20,16,48,23,29,42,230,237,242,-1,-1,-1,1,4,2,0,2,36,53,-1,23,30,52,193,192,197,-1,-1,-1,-1,-1,-1,5\
1,2,0,2,43,50,70,20,16,48,23,29,42,230,237,242,-1,-1,-1,1,4,2,0,2,38,53,29,23,27,48,174,183,200,30,46,69,-1,-1,-1,5\
1,2,0,2,43,50,70,20,16,48,23,29,42,230,237,242,-1,-1,-1,1,4,2,0,2,42,55,33,28,29,44,187,147,98,-1,-1,-1,-1,-1,-1,5\
1,2,0,2,43,50,70,20,16,48,23,29,42,230,237,242,-1,-1,-1,1,4,2,0,2,41,55,32,24,25,52,55,62,70,-1,-1,-1,-1,-1,-1,5\
1,2,0,2,43,50,70,20,16,48,43,64,95,204,53,62,-1,-1,-1,2,4,2,0,2,40,56,30,23,27,51,195,177,124,-1,-1,-1,-1,-1,-1,5\
1,2,0,2,43,50,70,20,16,48,43,64,95,204,53,62,-1,-1,-1,2,4,2,0,2,41,55,32,25,30,53,163,134,92,-1,-1,-1,-1,-1,-1,5\
1,2,0,2,43,50,70,20,16,48,43,64,95,204,53,62,-1,-1,-1,2,4,2,0,2,39,51,30,23,27,52,45,57,83,145,184,211,-1,-1,-1,3\
1,2,0,2,43,50,70,20,16,48,43,64,95,204,53,62,-1,-1,-1,2,4,2,0,2,36,53,-1,23,30,52,193,192,197,-1,-1,-1,-1,-1,-1,5\
1,2,0,2,43,50,70,20,16,48,43,64,95,204,53,62,-1,-1,-1,2,4,2,0,2,38,53,29,23,27,48,174,183,200,30,46,69,-1,-1,-1,5\
1,2,0,2,43,50,70,20,16,48,43,64,95,204,53,62,-1,-1,-1,2,4,2,0,2,42,55,33,28,29,44,187,147,98,-1,-1,-1,-1,-1,-1,5\
1,2,0,2,43,50,70,20,16,48,43,64,95,204,53,62,-1,-1,-1,2,4,2,0,2,41,55,32,24,25,52,55,62,70,-1,-1,-1,-1,-1,-1,5\
1,2,0,2,44,50,71,21,17,49,186,189,196,229,54,63,-1,-1,-1,2,4,2,0,2,40,56,30,23,27,51,195,177,124,-1,-1,-1,-1,-1,-1,5\
1,2,0,2,44,50,71,21,17,49,186,189,196,229,54,63,-1,-1,-1,2,4,2,0,2,41,55,32,25,30,53,163,134,92,-1,-1,-1,-1,-1,-1,5\
1,2,0,2,44,50,71,21,17,49,186,189,196,229,54,63,-1,-1,-1,2,4,2,0,2,39,51,30,23,27,52,45,57,83,145,184,211,-1,-1,-1,3\
1,2,0,2,44,50,71,21,17,49,186,189,196,229,54,63,-1,-1,-1,2,4,2,0,2,36,53,-1,23,30,52,193,192,197,-1,-1,-1,-1,-1,-1,5\
1,2,0,2,44,50,71,21,17,49,186,189,196,229,54,63,-1,-1,-1,2,4,2,0,2,38,53,29,23,27,48,174,183,200,30,46,69,-1,-1,-1,5\
1,2,0,2,44,50,71,21,17,49,186,189,196,229,54,63,-1,-1,-1,2,4,2,0,2,42,55,33,28,29,44,187,147,98,-1,-1,-1,-1,-1,-1,5\
1,2,0,2,44,50,71,21,17,49,186,189,196,229,54,63,-1,-1,-1,2,4,2,0,2,41,55,32,24,25,52,55,62,70,-1,-1,-1,-1,-1,-1,5\
1,2,0,2,43,53,70,23,17,44,40,38,23,2,2,2,203,207,216,2,4,2,0,2,40,56,30,23,27,51,195,177,124,-1,-1,-1,-1,-1,-1,5\
1,2,0,2,43,53,70,23,17,44,40,38,23,2,2,2,203,207,216,2,4,2,0,2,41,55,32,25,30,53,163,134,92,-1,-1,-1,-1,-1,-1,5\
1,2,0,2,43,53,70,23,17,44,40,38,23,2,2,2,203,207,216,2,4,2,0,2,39,51,30,23,27,52,45,57,83,145,184,211,-1,-1,-1,3\
1,2,0,2,43,53,70,23,17,44,40,38,23,2,2,2,203,207,216,2,4,2,0,2,36,53,-1,23,30,52,193,192,197,-1,-1,-1,-1,-1,-1,5\
1,2,0,2,43,53,70,23,17,44,40,38,23,2,2,2,203,207,216,2,4,2,0,2,38,53,29,23,27,48,174,183,200,30,46,69,-1,-1,-1,5\
1,2,0,2,43,53,70,23,17,44,40,38,23,2,2,2,203,207,216,2,4,2,0,2,42,55,33,28,29,44,187,147,98,-1,-1,-1,-1,-1,-1,5\
1,2,0,2,43,53,70,23,17,44,40,38,23,2,2,2,203,207,216,2,4,2,0,2,41,55,32,24,25,52,55,62,70,-1,-1,-1,-1,-1,-1,5\
1,2,0,2,44,50,71,21,17,49,221,76,73,31,21,97,250,253,240,2,4,2,0,2,40,56,30,23,27,51,195,177,124,-1,-1,-1,-1,-1,-1,5\
1,2,0,2,44,50,71,21,17,49,221,76,73,31,21,97,250,253,240,2,4,2,0,2,41,55,32,25,30,53,163,134,92,-1,-1,-1,-1,-1,-1,5\
1,2,0,2,44,50,71,21,17,49,221,76,73,31,21,97,250,253,240,2,4,2,0,2,39,51,30,23,27,52,45,57,83,145,184,211,-1,-1,-1,3\
1,2,0,2,44,50,71,21,17,49,221,76,73,31,21,97,250,253,240,2,4,2,0,2,36,53,-1,23,30,52,193,192,197,-1,-1,-1,-1,-1,-1,5\
1,2,0,2,44,50,71,21,17,49,221,76,73,31,21,97,250,253,240,2,4,2,0,2,38,53,29,23,27,48,174,183,200,30,46,69,-1,-1,-1,5\
1,2,0,2,44,50,71,21,17,49,221,76,73,31,21,97,250,253,240,2,4,2,0,2,42,55,33,28,29,44,187,147,98,-1,-1,-1,-1,-1,-1,5\
1,2,0,2,44,50,71,21,17,49,221,76,73,31,21,97,250,253,240,2,4,2,0,2,41,55,32,24,25,52,55,62,70,-1,-1,-1,-1,-1,-1,5\
1,2,0,2,42,49,70,20,16,47,179,180,185,255,255,255,-1,-1,-1,2,4,2,0,2,40,56,30,23,27,51,195,177,124,-1,-1,-1,-1,-1,-1,5\
1,2,0,2,42,49,70,20,16,47,179,180,185,255,255,255,-1,-1,-1,2,4,2,0,2,41,55,32,25,30,53,163,134,92,-1,-1,-1,-1,-1,-1,5\
1,2,0,2,42,49,70,20,16,47,179,180,185,255,255,255,-1,-1,-1,2,4,2,0,2,39,51,30,23,27,52,45,57,83,145,184,211,-1,-1,-1,3\
1,2,0,2,42,49,70,20,16,47,179,180,185,255,255,255,-1,-1,-1,2,4,2,0,2,36,53,-1,23,30,52,193,192,197,-1,-1,-1,-1,-1,-1,5\
1,2,0,2,42,49,70,20,16,47,179,180,185,255,255,255,-1,-1,-1,2,4,2,0,2,38,53,29,23,27,48,174,183,200,30,46,69,-1,-1,-1,5\
1,2,0,2,42,49,70,20,16,47,179,180,185,255,255,255,-1,-1,-1,2,4,2,0,2,42,55,33,28,29,44,187,147,98,-1,-1,-1,-1,-1,-1,5\
1,2,0,2,42,49,70,20,16,47,179,180,185,255,255,255,-1,-1,-1,2,4,2,0,2,41,55,32,24,25,52,55,62,70,-1,-1,-1,-1,-1,-1,5\

