# name: Theta1
# type: matrix
# rows: 25
# columns: 41
 -0.02044527842285525 0.01754931426918109 0.01827621650303084 -0.01527256550293057 0.02617357308319818 0.01729836958421331 0.0611002503614632 0.08012068300460834 0.1540716223493618 0.07261112898769008 -0.2180930695985445 0.02382504061252506 -0.08182639382712385 -0.05758800382803139 -0.0002392865855232518 -0.09435674017926621 0.09758675536709194 0.1059817596225301 -0.08103876699578044 0.04818438557570699 -0.09336590018837039 0.03623317922887211 0.01564717908001704 0.04457815220795696 -0.0240011272048478 -0.01256986576350447 -0.03181937787803079 -0.1728595809668764 -0.0131411322003464 0.04454368658189758 0.1499997869185699 0.1274872965256216 -0.04235940329548984 -0.04878742391399299 -0.1379046223961664 -0.12508587034693 0.04724782113477285 0.0985719706013022 0.07406972638344425 0.05381671033185481 0.01291817200703504
 -0.09147198498799415 -0.01368017831474009 -0.03693341453681576 0.03600105114595496 0.02850976101472886 0.05426178650022905 0.06847345099416176 0.04344738925392488 0.02597533303170826 -0.004973888840671099 0.02715069623029975 0.3086722686818449 0.1068045612238763 0.02302595452222605 0.01769497012725695 0.0006280520389676139 -0.01174043343907751 -0.01154064858110807 -0.02367795090554132 -0.09286781421579127 0.06575236837613485 0.03461898166772145 -0.02883823685950987 0.009001401391267752 0.04803136880666863 -0.003388385686165344 0.01587124731820646 -0.02069050941379105 -0.005508390910965391 0.09166510324247147 0.00571718040053559 0.08726812756994337 -0.02145509274582038 -0.06382005738948957 -0.02133874092202653 -0.03779171444643985 0.06472335590849652 -0.02347758967909012 -0.002910360791842443 -0.03051578018676181 -0.04274042395466104
 0.1055390690959702 -0.02560372392644242 0.04215195179808365 0.02634866477303965 0.007851849474000524 -0.05181504808886408 -0.03692983080777542 -0.07518516715148811 -0.07050702604111551 0.003669510553741014 -0.05471045879660952 -0.04355791887016764 0.03503002488675081 0.1952925084683503 0.1622566419178809 0.1501804424480151 -0.02389499937993336 -0.01083410803080048 -0.02516090086273892 0.0324254028879075 -0.0003325551106151243 0.04511110755461351 -0.02061040040002983 0.0431718831071846 0.02031880895463917 -0.0105866317886771 -0.03253057896616744 -0.02203046722668941 -0.02759878939900861 -0.03891708107893669 -0.0580847136011705 0.003143284124574549 0.005821426953654265 -0.008769835606097476 0.02991611367592781 -0.02306374804082915 -0.002027912012724043 -0.02414417531490005 0.03550781135205273 0.003678153729630612 0.02448180641894354
 0.0398566674666269 -0.02403188785306394 0.02892424142423263 0.002513359420341112 -0.007768642077966929 0.006451511518946018 0.01442423709410177 -0.02808739684961922 0.01712809611222451 -0.007980553760236063 -0.02618499702118077 -0.2636117500473349 -0.07120885253698357 0.08232116872927918 -0.05022160600033929 -0.0129486845266677 0.05983424475034314 0.08247960588291874 0.01052481401131286 -0.02180225240227383 -0.03742647293190329 -0.01668610152187029 0.006527320366495356 0.02122087651970783 0.009021928275034414 -0.002494144188736731 0.01992627891460979 0.0469875102098597 -0.04447521149864685 0.008387426394186255 -0.04099061803506364 -0.0349457092591506 0.003371336552171662 0.02839728026278593 -0.07910134009442904 -0.06225046221978933 -0.1057621653107233 0.0458532090522185 0.05184502379337507 0.01116107047567867 0.02682014543728107
 -0.1182141509391873 0.04138358900909253 -0.03880102526526612 0.04976604266950368 -0.0448131239129563 0.02252243845035331 0.01981576149963185 0.09629506474733869 0.1278313370503305 0.04157846934241876 0.06890475299226927 -0.2329782523850764 0.1635183326659401 -0.006931203775824444 0.08708264113477976 -0.02066200515866959 0.1709519186889542 0.1028112823935161 0.09936360495545032 0.1274687732322808 0.03105292214145692 -0.02008337047716656 0.04647750163474036 0.05365738434078952 0.006057440365403534 -0.01860211209959543 0.01211128967336869 -0.06085568314821652 0.03542920327430277 0.07428878578442903 0.1000635625135124 -0.05438779473363321 -0.1731347728811038 0.01688501595977978 -0.02275459268595166 -0.04961116413528875 0.03760209530303141 -0.1152216863671048 -0.09497905891738982 -0.08937784476240776 0.04986785038672295
 -0.02184211761580318 0.01915522456482548 0.02932209443899768 -0.04101859116548133 0.02863016234454187 0.02721215457564589 -0.02011352934878751 0.03161637363948025 -0.03804327106456123 0.01932583944108827 0.06384894886984577 -0.05122613400911756 -0.08775407600802455 -0.1863401495871387 0.06153503991558781 0.1742700533288853 -0.02922369006327907 -0.01138908783087285 -0.03250819563207053 -0.03427101203698252 0.01358711496281505 -0.008338887522158485 0.001458605267319222 0.0353638203156644 0.04441676462955151 0.01101724108280849 0.03391137243009686 0.06945839198668319 0.03043988359542795 0.02220092304382425 0.05068698910438466 -0.1490626869269977 -0.02021624453157745 0.0761055474398464 0.04458163315143857 -0.0285172196673936 -0.02086858813195666 0.03422314035236352 0.04745638454927192 0.07296164419305133 0.002326585152469987
 0.0133715103610794 -0.03861451552901597 -0.04249637000910311 0.02174360644026783 0.02957418043810276 -0.05360574335670134 0.04052809592239474 -0.01655986632939167 0.1278796222875282 -0.004586331907995005 0.05324810464806672 -0.02769611611544229 -0.01606775496579397 0.0916056514189998 0.09091840445496252 -0.3646534882880161 -0.1040633702887826 -0.03514947994744121 -0.07190469111662608 -0.1272363677435554 -0.01998044750408463 -0.04419268354010458 0.009730038028155712 0.009903729758845927 -0.03626002601459712 -0.01606090372474994 0.003654778227749234 0.07129613189531547 -0.009889181302283253 -0.01120667330623554 -0.01223587193329205 0.002010361445664223 -0.002320014894627699 0.01016242368250734 -0.02775306192172471 -0.02236317391444043 -0.04166013458729223 0.04099100100348119 0.03508465102132526 0.07114156049187495 -0.02085974284903358
 0.08351191234967141 -0.01808189974691314 0.003326857040987175 -0.03222978561970158 0.005396264842448618 0.2872949294938326 -0.3206438489930689 0.3598197189224779 -0.5245263373304139 0.0563966123363008 -0.2068646160486541 0.2237667783797499 -0.2224582603568113 -0.0451191924175287 -0.1669666762971975 0.1239466108564235 0.1560924032065728 -0.3159567418974933 -0.00852293731243561 0.3877256739980618 0.1341277798869146 0.00203224518067583 -0.001394423276269704 0.00621484494528083 -0.04805841475414208 -0.03937405418549693 0.06943032820360052 -0.001221577416467508 0.12098958751752 -0.04647768064384685 0.03651057413241034 -0.008623935107335242 -0.02819777023047567 0.03844932270486705 0.04731021290143807 -0.009234602125640529 -0.03983082933727687 -0.1401628545144036 -0.06239525237993618 0.1384498731635106 -0.06260699377021076
 0.07612061011348863 0.02515630168056587 0.02227185134059821 -0.04352746647370862 0.02137197823639931 -0.01271749884478044 0.01686796097939128 0.04207073842049881 0.01410009833912259 0.006032686453113706 -0.01249064751848037 0.01240687690191549 0.01006932598858748 -0.01904718652776053 -0.02010694136335538 0.06348588636246273 -0.03524880898756772 -0.02224020756864744 -0.008992393627195406 0.009660641746904421 0.01700802380006759 0.02800243328752401 -0.03197664681049101 0.02064625786241565 0.04716573313812976 -0.02839755244747045 0.01275872633040864 0.03533324266977314 0.02382617914595676 0.05936685485757257 -0.02478746155553845 -0.1093319417687089 -0.06329334660887563 0.03016034584579501 0.0132861312163841 -0.007663250405652667 -0.04527427063163796 -0.02989854300535937 0.02505365488419471 -0.02496130806817527 0.04771812330245241
 -0.03993799883517146 0.01464245181306952 -0.006770199962775496 0.00576981765461207 -0.01053548342976373 0.01479256025045741 -0.02379724724019889 -0.03776988241546483 -0.03500611853311394 0.03550452065438976 0.02546677195607846 0.006454124482462944 -0.01589878134020246 0.04449475218798174 0.05361211346526874 0.03342717742788744 -0.01096475335578377 0.05518685095390331 0.03508349654537207 0.04732427851590142 0.01591784952343457 -0.02174712882416209 -0.02723953592355615 -0.03908211307243886 0.04026608476916076 0.006883920719117339 0.01253457100668689 0.01552659646780315 0.001364640875554209 -0.01196030924858877 0.04284344098353885 -0.01308322365910564 0.02837267165404811 0.01124666216725874 -0.05577975512474825 -0.01962978152089013 0.03371193692264776 -0.02556449589057288 -0.04422568292075074 0.01141447966340604 -0.02471495052879381
 -0.03795006951394325 0.04680011815761777 -0.03486365175802195 0.01234548441116176 -0.03701061673665425 0.0304835409521646 -0.01814726003919362 -0.04960249994948455 -0.01573583291348051 -0.04801808201550526 -0.06442695898548932 0.1004155017415822 0.04072807268795028 0.04123341608114743 0.02496522968219232 -0.04215268711734489 0.02230593496003088 0.03391594904877231 0.01564090906521726 -0.01447655988966422 0.0323480360519006 0.04560557852058152 0.02177663049274658 0.04172759747555856 0.03939597798616116 -0.04630595723897407 -0.02368275639410012 -0.02701260820823343 -0.04778814259001018 -0.04959958879591267 0.03434802598123195 0.1052044310999847 0.09013106491242212 0.04130886646112163 -0.030378250791921 -0.0370749585890475 0.01234608730646808 -0.03133815368036634 0.03969661873019507 0.01702633571958044 0.04375407925882618
 -0.09594370619668333 0.03134088467123301 0.04536410962813462 -0.04067753693531701 -0.01306162628781274 0.0209200144908735 -0.08242453622799704 0.0221268516591742 -0.02890327248530607 0.02653763272993762 0.07746528557624677 0.002242783179181637 -0.03584402472833975 -0.01373721699508683 -0.1463949602445851 0.185563668077391 -0.04053835791997081 -0.09553164174144776 0.001811173762618126 -0.1720488964504623 -0.0213667732085219 0.03769185462271306 -0.007016677318057574 0.03359377156480257 -0.02825960451872037 0.0188608686280869 -0.07037123176184461 -0.008572105851532593 -0.0617492171487545 -0.02093330226559956 -0.009907301023587081 0.1616063802533812 0.14103665824726 -0.004626924133507419 -0.1094335585211264 -0.1018385101413353 -0.08186213521088045 -0.01524658803837955 0.02118907081852862 -0.0306660290093378 -0.02676725218411124
 -0.04399400109934377 -0.04535778728998081 0.01648843959247411 0.003779709946233332 0.02213297373172642 0.01515225347206871 -0.122510386548776 -0.1001927445297618 -0.1118405177161671 -0.07661843091663041 0.007033895947229511 -0.2078938390364096 0.3466846499128513 -0.2978496935885274 0.1603550527151472 -0.068653242430466 0.03957288830762107 -0.1420687548532353 -0.01735435803144686 0.2663412568045405 0.03740708555740107 -0.01328338138101111 -0.03562021292698429 0.06933627409870845 0.004703573838797289 0.06449628842520887 0.1171538077757564 0.1047644034726221 0.02698082808446197 -0.1060452520095932 0.0159420524092303 0.0174529485313652 -0.02213089887973105 -0.004129667101940292 -0.07281827528070686 0.1856173257678136 -0.1112647613691672 -0.09482516578356633 -0.02188690379968258 0.08434752016401532 0.0156564380812581
 0.05341346424327323 -0.00195674847010418 0.01982490282917278 0.01612802319247684 0.007924220743390649 -0.01118762568202527 -0.01303879783498923 -0.04448460902117554 -0.01693233873225923 -0.006879062966413917 -0.009152774285431219 0.03073573638996427 -0.02459881050486809 -0.02011967924992525 -0.02924329107104059 -0.04467225647581002 -0.01936390584882978 -0.01712197018151336 0.001007935611789438 0.003857141701611692 -0.02554533460501565 0.03667460014724476 -0.03943450637899487 -0.04419579917477229 0.01859230701216139 -0.0300233416107024 0.003988025041698639 -0.01911682479980357 -0.02957664635788094 -0.03599622484107487 0.03464941762238342 -0.00279030549779436 0.03789066075530767 -0.04412171937932054 -0.01348191948398288 0.004418167366234112 0.004808813950542976 -0.001786334205948215 -0.02743311818172331 -0.03249734421282645 -0.01193381217459016
 -0.005361256977391531 -0.01083147184964022 -0.004745378872453755 0.05060063400492356 0.0375702988551838 0.1069031674059301 0.003053201457934131 0.03127444069045646 -0.1440291695469648 -0.05768848671316872 0.002624512894448938 -0.1153058276867988 0.02959906833370535 0.007563723226429206 -0.04076687001875485 0.09030723188672088 -0.05876004348097538 -0.1247608744713701 0.02706463780697442 0.0581970504457166 0.01466684269059569 -0.02186981576608697 -0.01264870377367887 0.03166718800307192 -0.04446238960583182 0.02066755932545716 0.07649102380647629 0.0446355675409402 -0.01072088090833134 0.0006511658790970144 -0.08454495414022388 -0.05296273097562245 -0.1824673084820467 0.1732463441385253 0.0355520272442383 0.06393810332853975 -0.0172711109476498 0.0805142575107214 0.0180794545626686 0.03004806330498254 0.05260860323806598
 -0.0255817047359473 -0.02330365436324129 0.01646201099521056 0.04434929789546556 -0.02436968881311504 0.09439137323511317 -0.07587708094098579 -0.1103707387666328 -0.02945144871777257 -0.05690364752517841 0.003333894806791983 -0.01384955421750756 -0.007118849211551923 0.1664152422093414 0.04061463907739118 0.1900814919180182 0.001059336483065781 -0.1370609219271373 -0.03825713821086233 0.04823755537250232 0.04104253736757753 -0.01536449962795237 0.01338321355975233 0.04268666528829863 -0.02091828797112092 -0.05899036957217983 -0.03292508389669937 -0.0498200486796184 0.003067038688296604 0.0118945311139592 -0.04230186559976491 0.03657418843848743 0.00385834558108964 -0.0399977601308513 -0.1007718960188045 -0.1055678812420017 -0.05590745322379739 -0.03419841153577535 0.02823462638619074 0.0750864376366035 -0.006147578749798668
 -0.02105468848641415 -0.01834195685115231 -0.002358475959896515 0.02252773715729061 0.03099565557202688 0.007039222497494166 0.006860400949328634 0.03618670752582658 0.01090606632120509 -0.06749771498045223 0.03805176787595038 -0.0006396626401605054 -0.1271812956081577 -0.004849450816808541 0.04509079210020651 0.02393140087368566 -0.07290285851223791 -0.00391423186309954 -0.0308151340468642 0.06975096276885015 -0.01139091551934278 -0.0009436403631131101 -0.006017995985221645 0.002733318642921435 0.02530182862001601 0.01826465778117512 0.0898725958095975 0.06541017912931089 -0.00327421537805985 0.02835698426955419 0.01627432028496994 0.1409860545808705 -0.08864096273829408 0.1388319036418109 -0.0371508582522746 -0.05447350260586962 -0.05136289692785331 -0.07149615099053043 -0.06900285070213689 -0.01575744444552563 -0.004735317719843617
 -0.04871260118194953 -0.0220817583455721 0.02976878551108302 -0.02534283887080431 0.02063230008179368 0.04402013355561683 -0.01764836879457368 -0.003813512690853932 0.01315780829835858 -0.01408243713660007 -0.008083984328416033 -0.04401260675182145 0.001769247122316312 -0.02200164818283663 -0.02998222804918492 -0.01052897086943612 -0.03065952579438369 0.01484336349150471 -0.03509930403665843 0.0462445214057474 0.03440102026203203 0.04790025166661526 -0.04033417840539279 -0.002766105507510217 -0.008536459686921367 0.01834250041994154 -0.002184492755813079 -0.0376751139826774 -0.04195577602161812 -0.02542943753144785 -0.005205957651945905 -0.04746349784509311 -0.04396943377759645 0.001480073848204054 -0.02982526029915366 0.02389203402804709 -0.02542550218795827 -0.02903687345771575 -0.003966380966662963 -0.03723935954242765 -0.01247835676759252
 0.02293943163066202 -0.01133676638819784 -0.01830595386882372 -0.03321092342345837 -0.002249268232392464 -0.04405339416483968 0.02955300394238216 -0.0355254064699528 0.03737498055513329 -0.0308959568052007 0.0474002562038164 0.03557269015466447 0.004750500821922284 0.0004179213865505228 -0.01357221318901236 -0.0004377582223252643 0.02893003369370713 -0.03726443844452926 0.03762632934773639 0.04177541271578845 0.04255311944928988 0.03549392024879423 0.0196793972708296 0.03043500233457106 0.01878575663481704 0.01367751292251857 0.0329441492877341 0.0347184770627571 -0.04046424205066246 0.04482936186327668 0.02281088629856178 0.03321787318763098 0.04193411839781836 -0.02359311669055875 0.04963935106982972 0.01876499042577703 -0.02787355548177286 0.00130353948737162 -0.02540764302641691 -0.04834975154383398 -0.03341564289225319
 0.002189411187158017 -0.04467076702103879 0.004712245597947371 -0.03568439833962524 -0.04864407139445507 0.03050633686654812 -0.01751669045659323 0.04177926937809388 0.09059014250749332 -0.01135243480095488 -0.03612481119089284 0.003397238941080826 0.02956105686806304 0.141672362801545 -0.02671694822973526 -0.1746126839604912 0.07572306081368435 0.03321961257049455 -0.01028167986849288 -0.02352396355681781 0.02934496294325292 -0.01229137019854911 0.03922430687401079 0.0247555819931381 0.03253166272657908 -0.03144662932192795 -0.02972220514344232 -0.1499688283792942 -0.06825594094277666 0.043127172519718 -0.0375835456013004 -0.01030664132447813 0.07860353556412528 -0.01542400380091696 -0.02716405737268928 0.06541822067061687 0.1223317336244444 0.03878546680335385 0.03160194105602776 0.04216638800916199 0.02382432078139537
 0.1123096744083261 0.02003260112104727 0.009598946454561814 0.01049625343522182 -0.01059775350449382 -0.02675725225318166 0.08199306646050082 -0.09300992874196544 0.04812227648122757 -0.02842459944989398 0.00998416952248019 -0.09024043057965993 -0.05412069440254195 -0.1680815415972222 0.3149236566046058 -0.2227633790613001 -0.02466995699123464 -0.09549718827179147 0.0783083871224546 -0.1437652658564399 -0.05729633994461766 0.01712940787248842 -0.01767027490695834 -0.002928821328220028 -0.03340085693181023 -0.1289195511724348 -0.0288251870640495 -0.06777951097743774 -0.1569348285195159 0.0598597757607209 0.07332394247366521 0.08447310224741325 0.08644967327691384 -0.07699229659078083 -0.003608894914742401 0.03619961625189837 0.01035544842543833 0.04762098593749919 0.005512666180553761 -0.1142420489485072 0.01702808333676641
 0.03073785313259172 -0.002518353777193904 0.02519671157614466 0.03012595471579519 -0.0348495809987452 0.01511848683569982 0.01514692109789244 -0.08117710396229567 0.003537901757264291 -0.03486680123373755 -0.2863549556551835 -0.01715595683777241 0.04665181881301475 -0.2306335410083047 0.3021853539289115 -0.11724336081155 0.01607726702203945 0.11259374515752 -0.03807926367484499 -0.1378874586341665 -0.01788013543949079 -0.01129206799773251 0.03273935097814323 -0.02953071047068733 -0.02219435935421132 -0.09196991335662635 -0.04423526083477401 -0.0835010255305237 0.01358118256827719 0.04652397853254368 -0.06208072784207443 0.06595970168662522 -0.006042903333111286 -0.05265894712190626 0.0585277389597432 -0.06216224731151368 0.006066280072347996 -0.0555882586144631 0.03083888139860588 -0.0005879223183061101 -0.01231523771629205
 0.01564292397124341 0.02702485427948041 -0.04241675176386186 0.01530401248999006 0.01253911634062378 0.08641049305092258 -0.1714719082601945 0.07114904018004917 -0.1920498098684727 -0.06804405103526567 -0.00189838379978326 -0.1680394867043197 -0.05768950476931229 0.1283164214697999 -0.1992860511545894 0.3425124208395749 -0.1682607878319705 -0.04575425201144383 -0.1291225188758774 -0.1050969406949538 -0.04700594299651398 -0.008607246538842156 -0.0272061703904593 -0.002652916111162917 -0.01005025316490254 0.09820467485307773 0.129017454669134 0.1291767450012589 0.1016311588980948 -0.08958348690985103 0.1824729823781169 -0.0437409784005892 0.05868270988943251 0.02681779125885396 0.1623549652085948 0.1232229610643378 -0.05450459329103702 -0.09361242018807035 0.003421514581696759 0.04539374673169452 -0.02489586413125351
 -0.03547944122970006 -0.02066875491137036 0.007942500130780379 0.03063531026087389 -0.02743927861797462 -0.1569933770306486 -0.339171327117538 -0.1624912993811761 -0.05747780526548938 0.1371120207346296 -0.3430349232114603 0.2360610365868641 0.1729797784719159 -0.06845378196448054 -0.2692236434000214 0.203705686658782 0.2695449863470548 0.1708779614071125 0.04907234730367628 0.1124794396192567 0.07263200529991919 -0.01737787577977783 -0.01671740982286087 -0.0338942626079292 -0.04180201704396693 -0.1622621765209397 -0.3707404090614907 -0.1643346519581119 0.1260294989975111 -0.1809926368647585 0.0386988893262677 -0.007217915112382348 0.001149296675731374 0.01573064115944989 0.1238384339921867 -0.3085668620155276 0.188773934385608 0.04703273846134611 0.02370501852286335 -0.08738170574396147 0.01689038401205611
 -0.042913410402858 0.005315799025305592 0.01801883422916414 0.02073604084164909 -0.03758177389280865 -0.03629649390901034 0.01402590265473143 0.05025630214419256 0.1573427605738727 -0.001090435940869225 -0.4438275782397873 -0.0866494164266086 -0.09887645000510331 0.103777345717421 -0.01472659379302927 0.001340188035156006 0.02399288973104263 0.04665691205046855 -0.09012201537777829 -0.1217691004403876 3.357861737926358e-05 0.03466375796330896 0.01838240621989971 -0.005260443129309274 0.01566338774194027 -0.01871934025281141 -0.02279257851995654 0.1392698937356965 -0.09149454683193486 -0.07713707331270905 -0.1076241765414768 0.1263894673333633 0.1728694535027443 -0.03678025825279058 -0.05322776224692472 -0.01262158211200166 0.08667672500560919 0.1463011376789522 0.05836776019357492 0.09931493990761286 -0.07065417168623979


# name: Theta2
# type: matrix
# rows: 1
# columns: 26
 0.2618817097294454 1.160897529424756 1.09395229323991 -0.6874338139433928 -0.9243810774898806 1.119900415784736 -0.5224418905474568 0.6175803645292579 -1.868789691473916 0.2492837153675594 0.1194389638884396 0.3261763430791412 -0.731315244425021 -1.285002081173797 -0.01864738349043231 -0.5447909845075515 -0.4782927765308971 -0.4133040467096655 -0.01939211889161474 0.1050479125861991 0.3353068279246047 1.666178490159941 1.933538691611073 -1.105849011551192 2.253957010775849 1.88053869009639


# name: temp
# type: scalar
98.85620915032681
