# name: Theta1
# type: matrix
# rows: 25
# columns: 41
 -0.1137451192371716 -0.02047953414484728 0.007908258364116842 -0.05785166426197826 0.0256931660683313 -0.06907506707358424 -0.08786682210709576 0.001429918076071707 -0.1078473768044608 -0.01716497629979563 -0.04449406078627317 0.04648083994689735 -0.1447423462225902 0.05300163492283659 0.3342959946257071 0.1027802517904413 0.07307451245120362 0.08260288989026135 -0.04606925517646489 -0.04788465770590838 0.06194499976522107 -0.01628335204972352 0.008284310858267656 -0.03324049316429849 0.01311465536052769 0.1906147377491167 -0.05380150353876052 -0.01473764881559612 0.02580488250683816 -0.08005297597117435 0.2782057559207851 -0.03802912590342239 0.1023201559549145 -0.1460346237042794 0.04360759762219941 0.08181107792047966 0.1633942023271653 -0.07600416718720585 -0.03814414246126812 -0.02338054858800989 0.01276988848736194
 0.003460030200511828 -0.01067997145243602 -0.01180380674634383 0.01465942068194944 -4.35561787948595e-05 -0.01486306005498115 0.02201050711274159 -0.02546835206654995 0.07925376294297536 0.01036649407557794 -0.04208014220784166 -0.1803038745346944 -0.05067584845517971 -0.05079588230475311 0.143505303504933 -0.1605110716239395 0.1005520576037778 0.01863031534849512 -0.0008100683593602157 0.1577854018103246 -0.01659084243807182 -0.01587825627453942 -0.009638068069533167 0.008699119865016723 0.01158303156246214 -0.05002616246723642 -0.001198065212105185 0.01765689463539485 -0.08489569789180838 -0.01557479617213047 0.1732246253506117 0.1788215499724885 0.07046847190463291 0.1400880280845414 -0.126367905179649 -0.0787114997308655 0.2167622462040877 -0.03371661709911522 0.05231926105668271 -0.1055367241938983 0.05095559162666138
 0.03147197353546773 0.0182806827120093 -0.01286180037658397 0.005634613166654814 0.02792627430209343 -0.09102828867139753 -0.004942552019287645 -0.2134734726228705 0.01816870570945305 0.02138968319614787 -0.1023378080205666 0.1836384393392796 -0.06823638070626291 -0.03928444822739238 0.02468835478930359 0.1454960271749558 -0.2260427181803659 0.05259438883637974 0.07247051174548304 -0.1516833508825805 -0.002817208906338717 0.01712712901776655 -0.01655645711643839 0.003157925354794856 0.01928221773621593 0.09935911762450926 -0.1547647725938887 -0.08330474833186145 0.01910923988923122 -0.1349060401833371 -0.4357756984777351 -0.01644087814242035 0.2063177379358051 0.03690501079627952 0.1595554609058323 0.2589245847402995 0.05754060969924717 0.2216643781780457 -0.08130677173978909 -0.08059000272459743 -0.002422720744099898
 -0.09400964805593928 -0.0033445034699188 0.005213921835665587 -0.0009218173518336705 0.02924344302130204 0.003204204209696301 0.03685118993144783 -0.1240206150907666 0.1988283206173835 -0.09093036528708684 -0.06412218920566673 0.01628968923888021 0.1459758912373736 0.06554232844188522 0.05112651054657608 0.0966119112690101 -0.1543026442833842 0.01849319125389818 -0.1828703225997425 0.01922537113188696 -0.04072293857149838 0.007042056710017379 -0.02485830922292454 0.007071659115597477 -0.000279031369051276 0.07552857217672093 -0.1419661093427685 0.2384413012717408 0.1538813189698006 0.08138963897297548 -0.02220966000545683 0.07935405184082675 -0.03309568809292005 0.04238871965676283 0.1307022693326913 -0.2119710078406803 0.002790493843095035 -0.132351314126882 -0.09723213136115745 0.2613141365258625 -0.0284727748207542
 0.03640922085575526 -0.008157906949973334 0.01578159811177568 -0.1123660793802149 0.06191679577003534 -0.02585393787553146 0.0005617411282600556 -0.0467030434977178 -0.1185368086934126 0.02891459468882535 0.09620644630200492 0.1524866669244728 -0.2474327884145781 0.02567358856240563 -0.05118829691760196 -0.2202280634639759 0.2284325008671134 0.1752165144527208 0.1128192681460093 0.1299878743563861 -0.1125814062930278 -0.0008612936057876248 -0.01682185734505453 -0.05556968005240719 0.01416638022616235 0.1374563289885482 0.1511357481798828 -0.04822426928634726 0.07514930251222596 -0.02841858683886848 0.1213649499609967 -0.01504641180180266 0.1044186513010982 -0.1615299256320551 -0.03805241867293375 0.1750312186840585 0.01613231842646607 -0.2781636847525515 -0.02293660343389617 0.2047106673957857 0.03177361206498965
 0.04027291829735842 0.02099321431734512 0.002472129800151328 0.01836580792046752 0.03497071836079049 0.03978024464433606 0.119431130777812 -0.100557340524407 0.05988660671783953 0.01219852089144545 0.1341531407485893 0.1570639288394627 0.06336506557476493 -0.1072497123887015 -0.1145296689105117 0.1443154308742438 0.005643807544777623 -0.1785607436807425 0.1014257184672334 -0.03405204179589181 0.05715446669410684 0.015065760448702 -0.001893138219314646 0.03224267146930809 0.007240410378514723 -0.03338150424271705 0.1425279050923232 -0.0005609453318528455 0.07445200424811055 0.1205616536844323 0.1387681758321509 -0.2225574506174604 -0.001373429607828436 -0.1578723417359502 -0.03731008056387778 -0.04005530300216419 -0.1986320675227016 -0.1204455709464181 -0.03285401771852062 -0.03867637030475564 0.02703080592849842
 -0.02507071662477937 -0.004616366945909663 -0.01582146311731482 0.004029946794719973 0.004318541325632812 -0.01057778200796773 0.002656612029638748 -0.009060166998682572 -0.005020695859721992 -0.009148572712482112 -0.005988098677808401 0.08475210734913269 -0.02275145244548542 0.02124044025442716 0.06877541210065104 0.1659561544239097 0.09211684172462599 -0.0657003664434247 -0.03847014609314189 0.008926239148307705 0.01812186223836969 -0.0136364664071058 -0.00148764801341457 -0.0001842772361406483 0.004317964811979028 0.002009128817213284 0.004071344150808624 0.02078228189875065 0.005795126864394267 0.01689115781424039 0.01184163149908535 0.08244146919696799 0.01337754996482792 -0.07524965952364449 -0.09685071290191943 0.02525728960408454 0.1155873347691447 -0.001445641359576781 0.01206649378496113 0.002243199358415781 -0.01505764235988155
 0.06651979815779528 -0.01764414020419285 -0.006969143884484071 -0.01920900917132822 -0.00592816207200653 0.02088805276077088 -0.04436377158054749 -0.03282647497013198 -0.05119605822039585 0.007093494546127165 0.02773212070636734 0.3021650000026879 -0.1310776521350009 -0.03734473294360052 -0.05292512594864834 0.06764042942191768 0.02292538838322683 -0.1057033745156375 0.006683150226002068 0.08832075850929751 0.001489158179844132 -8.276149439100704e-05 -0.006338935478041625 0.01308466688032825 0.01927358304117686 -0.007793156723433004 -0.03719500549600919 0.0352218278089434 -0.02772029700289042 -0.04100090956445722 0.1002677728231199 0.1134139481407144 -0.1916068837833617 0.133771502309221 -0.0003608704573160945 -0.04344092579190129 -0.05421604843234791 0.07960270537359553 0.0606877545181278 0.1359417598200993 -0.01438386785867131
 -0.03080865440282922 -0.01871420487038752 0.001321797784931564 -0.07380825822141283 -0.01684581350312146 -0.1933123708983921 -0.06303075384385154 -0.06206282153178095 -0.0525246050764648 -0.1235650267942532 -0.127789172581381 0.02526380745752994 0.04749624954986823 -0.06258721250127047 -0.006842644729213751 0.09146658835678519 0.1724258641150012 0.08189466694931284 0.06446839751725116 0.08201777382943475 0.06232013567969046 -0.01800779177081431 0.009651179984171804 -0.01248508553565872 -0.01702821236005262 0.0312655086327708 0.01972304010742987 -0.01920305522208664 -0.03070945812003726 0.1104498329176154 0.1014312857341696 0.176127386475721 0.1810352922778656 -0.04555983470326255 -0.1407846321844424 -0.05406719346565392 0.1223762735087101 0.026009363548554 0.03278862069821861 0.02996974166489461 -0.04395724736982325
 0.1048572132841596 0.005243503635325599 -0.007744958400960174 -0.005745928109963622 0.01004762555274897 -0.04779044531313085 -0.02102295551653747 0.03178052627754648 0.01352868003329701 0.04067909250144414 0.01334145633920028 -0.06395291885451668 -0.09139430416129313 -0.03394976594028051 0.1153193838000107 -0.003012820390332469 0.1206791403136605 -0.05843792241629079 0.09534499034717553 -0.003910813557969083 0.05587512640309401 -0.007315832155140704 0.01048485172576524 -0.001599166750075838 0.00598682336540207 -0.1144168765683035 -0.08495058202639906 -0.06032007456316065 -0.05887868801092922 0.05113142568386807 0.05287561925785733 -0.02777908766107871 0.1122969828483242 0.1136739702264708 -0.01307269421894454 -0.1142208541929531 -0.3315699889654841 0.01479500120153949 0.02048105566829778 0.03513916318385632 0.02493118148925191
 -0.01512805122513383 -0.01421589197544766 -0.006903084863344302 -0.008069701358941974 -0.01532833825746578 0.02589805550622386 0.01782790982700011 0.05213759315890103 0.03839626155305584 0.02786526391064465 0.128541112392716 -0.001035407715816712 -0.01769003608294462 0.2085831509278596 -0.11741761016282 -0.03784015080883052 -0.1370476340406501 0.0291730292004137 0.1645265334798462 -0.1595201811531844 -0.01034033718181633 -0.0151815929427174 0.001368587857827919 -0.01013546651801677 0.01381248469340219 0.004198983678055538 0.01781692134316651 -0.004221279606581205 0.06355245960241505 -0.09386244475012755 -0.09200724085131723 0.1982815008710875 0.01917008920181453 -0.02443309716946395 0.03298623269935638 -0.07160435199922698 0.02239434314340884 -0.1892494749763329 -0.05581026705185578 -0.04953094348906195 0.001864673376871918
 0.03586080003083043 0.001108322334466491 0.01744602462608748 -0.02732307300498966 -0.005708197601797278 0.06727934494969476 0.006052361098529606 0.05993275470704339 -0.0313064597700759 0.01642469957251005 0.06304885864231767 0.05605368312539676 -0.01394397747516727 -0.07027839550181489 0.1096769256191866 0.004289980536765217 0.0872230523219337 0.05446762116361231 0.001172541045208594 0.08571858473436915 -0.03359400449102331 0.0209318451388036 -0.008615654641080276 -0.002636488694277692 -0.001489721115279084 0.01467720517802151 0.07776905701886265 0.0328756230936202 0.0627595349347259 0.04269108909929539 -0.1335019091659711 -0.05103164269432696 -0.07199184189283796 -0.05127669253596356 0.06480432352246038 0.08339249981409881 0.07624983015731525 -0.02055586756295777 -0.04858939304041287 -0.007345622515931067 0.01194024286787425
 0.07530468820327819 0.008279955520132621 -0.01065688049446604 -0.006695165202394963 0.007544126481106533 0.006896632577379569 0.0328157003099491 0.06352587905713858 -0.0303915748010445 -0.007102372100384806 0.01181798264307827 -0.1170850916277402 -0.1059638440196487 -0.08113589749145234 -0.08899599197990084 0.06042973326245843 0.05206284246442933 -0.1601312908966037 0.04130677856193945 0.09894010110497274 0.03033754166869549 0.01005201425409071 0.01042314670116343 -0.02572876592237778 -0.005946873671040184 0.002781015448216323 0.04888480136862365 0.007863848067410813 -0.03994289345242469 -0.03405325547172104 0.00208558256099792 -0.05840031382324032 0.1269072762169947 -0.1583652978876305 -0.1056055680898488 -0.02558020853359654 0.02835433505447271 0.03161588737502481 0.06664017172802721 0.1047105101406072 -0.02006235908741767
 0.1123577404308544 -0.01522340670399784 -0.008508142076038866 -0.01573539152813481 0.003577730628146352 0.01829313733531091 0.007461644936585 0.008329487922297939 -0.007581435219071973 0.009095744209277883 -0.01566091772072612 0.004074065905117329 -0.004359730291206598 0.01550641096742245 -0.007848479643963565 0.009041882470749562 0.01179965797157927 -0.008946885912659172 -0.009283473813969535 -0.02775633929170231 -0.008807812934704272 0.01314072306649791 0.01656080704666353 -0.005171786998991295 -0.01132013720496454 0.01169648721511025 -0.008527425584266345 -0.01702794261140337 0.01559160435899712 0.009379965784158338 0.009534662779083602 -0.0005754825144690328 0.01701479555414468 -0.006492986427165254 0.004685538158559317 0.006329393125835714 -0.006655174011928601 0.004015051454710701 0.02085102884232906 0.01022692382641244 -0.01930567253069278
 0.00313756056619572 0.005320860068734417 0.00371811170903501 0.02376354649481923 -0.03410811197268759 -0.06488158116960063 0.01823954181231588 0.07666733139338165 0.07626903785096659 0.06509971690783452 0.05818556870316027 0.1999964648563972 -0.0114774015006655 -0.03546657140086201 0.07815053119870036 -0.2458931549734229 -0.121396263622328 -0.05698660416300967 0.05503510448235134 0.02651604470550766 0.02619489550623748 0.007171431958491374 0.0223849365026667 0.008628280941573981 -0.01321233433729068 -0.05291430472079325 0.0310871328904781 0.0128061650242288 -0.01842794605176935 0.05249843332791255 0.02211834986632561 0.2232628432269827 -0.08943174830056547 -0.1827746997151201 -0.1574284209128957 -0.05440791609742561 0.06932508383030998 -0.09942035047012299 -0.0401874805000527 0.04325849025690972 -0.01608652592561686
 -0.06343082176294729 0.0002966776623018104 0.01143080354292333 0.03666221655078202 -0.04053746489704304 0.09935747653857915 0.04559387956416046 0.1050250426330164 0.2264593924798338 -0.0384328252831839 0.04092109073390994 0.0343899259622043 -0.1216235297594718 -0.09261615105408275 0.07349402876028059 0.02999222770807643 -0.02422574335376933 -0.1326345316124564 0.07676369818767069 -0.1982792131847917 0.001045090661649273 -0.01048805337297581 -0.004647141631508461 0.01731089314519307 0.01966337310514979 0.01056422474394117 -0.02996979667957741 0.1221593094355517 0.04935782322312657 -0.02337193681141371 -0.171552697691982 -0.1612181749667218 0.3054506196107771 -0.003829317642704976 0.08713138519291487 0.03711095856580399 -0.04012114755226753 0.04621209189070836 -0.1280161329379702 -0.1088971489832808 -0.009933328003890471
 0.08272056907826536 0.006750266366750091 -0.006357225408557399 0.005663085948238896 -0.01737004389544479 0.1329686087686174 -0.006702077776915194 -0.03354381635250456 0.07708028485471895 -0.07109863518293986 -0.01672318987792008 -0.1018561937845652 -0.132763171471761 0.1804853642723157 -0.04683625635139066 0.4216380579228962 0.01863048641189134 0.1181004665825159 -0.1069708800313972 0.05629626067874494 -0.00819595009899674 -0.005860257643672984 -0.02300303877153364 -0.0003621057705763488 0.005312857719407695 -0.1963576166911814 -0.03888235292181018 -0.0621265248500499 -0.02896349401757837 0.06939221460516494 0.0240985590545197 -0.1046599627643055 0.01999662142302101 0.06396517258292647 0.006594611012998024 0.07688334213816346 0.008741999605873234 -0.2124511306608358 -0.1265657950645083 -0.01524603681310486 -0.04478548505990901
 -0.1169758327892657 -0.007782116038481182 -0.005069435184656841 0.007403703745640196 -0.01975454588287701 -0.04696201975986268 -0.03345800368260646 -0.06217940443805663 0.01399958852187666 -0.01743683940198035 -0.01129572696347597 -0.002672431647661385 -0.06383280608096938 0.07828616650474311 0.07948541646009816 -0.003727873806312868 0.1428849854182621 -0.1012788913510517 -0.06930076963269446 -0.1932441048080015 -0.02686252640900966 0.003229630451499925 0.004761568601246203 0.02173418852564815 -0.008409806229386236 -0.07978708538180533 -0.05621115271153192 0.04135077550626884 0.1126562945536372 0.01033439358653539 -0.1912220520590102 -0.1767965773216188 -0.1371253434615236 0.05930521889102432 0.1279128330659835 -0.04946782352935433 -0.1725723718745203 -0.1265156746611982 -0.03515339827300352 0.0669418790060082 0.03580768201458053
 0.07841879992139547 -0.00789778562009834 -0.02395755338017129 -0.006964894656608004 -0.00996782943255424 -0.04497765756115951 -0.03891365700466963 -0.1004682257030385 0.02349929383724941 -0.0375588312970308 0.1089384385037008 -0.1239215317092539 -0.1595346864784565 -0.1264499338708129 0.0364859294769076 0.1493768127198537 -0.08792059153232212 0.110583377571185 0.01148696775326546 -0.01751504908125702 -0.005363714134506911 0.01370750450411977 0.004361461862309583 8.746676689096288e-06 0.005471560763936881 -0.03378713629277431 -0.05643737363239328 -0.05084824693102279 -0.002260092717696415 -0.0723958169738597 0.1531774303021783 -0.1040328183818363 0.1286279489750876 0.03632537090336078 -0.01255246385397294 0.03433453051571858 0.0427187948864435 -0.04687654665493399 0.01400691635172993 -0.03125033567958933 0.01184517071496895
 -0.08069336226006162 -0.002721847729657565 -0.01569328505061715 0.01154544693584665 -0.0213388615282152 0.03683289089789415 0.05702098341268937 0.1012075819835416 -0.06487382442051527 0.02884744439040707 0.1151726870509657 -0.2264917757877057 0.1413545761894219 -0.2045973018811859 0.07094194370986806 0.0566870664297291 -0.03828078399141513 0.03282810186745182 -0.1007992896488323 0.1099182918300882 0.0118501589894268 0.002775903018507384 0.01602407021939691 -0.002296117849269996 -0.01486161339737102 0.04915130788089477 0.05536573349456107 0.009827212860748523 0.1022587821990661 0.1139925623571024 0.1416864389372764 -0.1980299287362971 -0.2694767301912485 -0.1148918804754652 -0.04288354784772048 0.1004299159610493 -0.0852054175214535 -0.04928868495426648 -0.075663368441486 -0.09128361251366469 0.01400572075435175
 0.02204201521131963 0.0009900804341012575 0.008532838725219519 0.002053470914403716 -0.02128108698341357 -0.2730941806557957 0.02666931533732124 -0.1483153537457524 0.1352336104796266 -0.03726535874431152 -0.1182097946668731 -0.3137321793025094 -0.06739080841793128 0.02397067378783949 0.1383075574251091 -0.1849818071486738 -0.004789210771148493 -0.0002667034684287143 -0.2374809596956454 -0.06457342861681334 -0.03489478403511304 0.02257333384702646 0.004490236931760124 0.001012554194421468 0.01752479154141355 0.02938981566561383 0.01538843117298586 0.04252030367674699 0.033703879011141 -0.01061053433161039 -0.02916413601929359 0.1539692877649265 0.1858894135137889 0.05056372252134669 -0.03080218907490137 0.05080582284480678 -0.005319623791259199 -0.157948614148806 -0.1355052001851695 0.2138056802883951 0.07726516323766806
 -0.04527734903437262 0.02230948298481707 -0.002323560668914175 -0.0005256136257320969 -0.002074455586507421 0.09947343393928668 0.02621226732058496 0.0165160527840062 0.04211214934872856 -0.03303892826788001 0.005758371738894246 -0.2494439167038804 0.1032033124084997 -0.03157974225624797 0.006107871141905638 0.2804868265906031 -0.2937736556793771 -0.04127531406229649 0.03517696570258794 -0.02945337197490623 0.008118682683086966 0.02134632109006412 -0.01191990995130405 0.01706320304293541 -0.01729817775557234 -0.05584981596464267 0.01058648972237481 -0.1462859679120976 -0.003791430552165723 0.0880961758566374 0.1234748387874921 0.03841214276026118 0.1499646872355797 0.1041721031149507 0.1233122240299619 -0.09126967087631847 0.07421452889982411 0.02575487297919277 0.02547341856014091 0.04635737402523471 0.007420632421541914
 0.06602126544040217 0.02068945810270547 0.01239884946786845 -0.00488746620017235 -0.007895301826106964 -0.02400805997013892 0.02179190232514612 0.02931124985982292 -0.08947416942713296 0.03144142128279354 -0.001417317592071009 -0.04200162588679127 0.04264501452110382 -0.2647955388188905 0.05000857943746653 0.04035344209838773 0.1563052517700207 -0.004665880483206077 0.1374862469302733 -0.009754238415180172 0.002664486964200208 0.01045292027181521 0.006395558754362094 0.003945390754128385 0.0145892828389331 -0.01927261459998477 0.01185123659787519 0.00594292001628701 -0.02622027740399192 -0.0002329817171818918 0.2634539347410221 -0.1455667836240451 0.1232925264435432 -0.06889148150708731 0.1493770481288034 0.08056580484710985 -0.04393218589966653 -0.07481471222816707 0.08268402137251511 0.04825614138108366 -0.008334911304790577
 0.1183549025917913 -0.004553062484038049 0.003872106693655628 -0.01160185177154974 0.01528327890008349 0.02796996625465862 0.01584516915734606 0.1333128207175407 -0.1679468107411742 0.03881839675716432 -0.00936140036892759 -0.1174439192267268 -0.1099518954258871 -0.01883769903297239 -0.09011726045437342 0.08926086275758276 -0.02376589469720694 0.03742264645135977 -0.03041984901858215 0.02951517833795373 0.06759429046132369 0.01248510775175546 -0.005568885489314656 -0.0006673079744920347 -0.01617030575975523 0.06459613492817586 0.09482537135877551 -0.1005151240577754 -0.01205617276500567 0.1310044880926913 0.09971179582691156 -0.2586376875732708 -0.1849299869201335 0.1132506085021225 -0.02516330541777988 -0.02172577747662593 0.1152853386095709 0.05991515929254403 -0.04948450673007049 -0.003690732093389177 -0.01933426023696106
 -0.04392686257715093 -0.0005966653878305602 -0.01836385782577788 0.08103663362947097 -0.04158525189304275 -0.009473278367151349 -0.03950333593576459 0.2591578081453756 0.05524485474150962 -0.01686829316625073 0.1347483170023071 -0.0314759689600187 -0.2130665161773851 0.1785733730418229 0.2167004789381038 -0.1376630157332498 -0.2206293016218242 -0.08192346881045867 0.007313757118611467 0.02573662539294712 0.0375246201814009 -0.01533444789307655 0.01521146066436616 0.02535521197714652 0.01631334203997466 -0.09227042179279243 -0.004365663971809372 -0.1519183756348088 0.07091047270930641 0.122351628919505 0.1798125326838236 -0.1271551681635288 0.3049010103710555 -0.01435538258780675 0.2209354213924667 -0.1540071040554842 -0.3515170301427336 0.07585308602408009 -0.03606732373233701 0.02641229290158584 0.02848259855932475


# name: Theta2
# type: matrix
# rows: 1
# columns: 26
 0.04032706775712856 1.313411129919153 -0.76969497223428 -1.480019063325993 1.352048897695451 0.921400706722115 -1.0868076864134 -0.6036946287059722 -0.8212284660955438 1.044270543479847 -0.6196915794743882 1.078945171144366 0.4280435773292804 0.6730973192693602 0.05536483587693403 -0.7936470184733941 -0.8076022048247806 -1.442595833426317 1.063274864971514 0.7061932863459102 -0.9834136895396957 1.230288744845963 -0.7463063389507314 0.8124482230556977 -1.018954849399342 -1.279236982874102


# name: temp
# type: scalar
89.75791433891993
